(6031,1.0470069929669521E-4)
(7559,1.0470069929669521E-4)
(1687,1.0470069929669521E-4)
(4823,1.0470069929669521E-4)
(9215,1.0470069929669521E-4)
(4551,1.0470069929669521E-4)
(3007,7.193573524791715E-5)
(4159,1.0470069929669521E-4)
(3155,1.0470069929669521E-4)
(667,1.0470069929669521E-4)
(9831,1.0470069929669521E-4)
(5695,1.0470069929669521E-4)
(8315,1.0470069929669521E-4)
(8339,1.0470069929669521E-4)
(4399,1.0470069929669521E-4)
(3339,1.0470069929669521E-4)
(7707,7.193573524791715E-5)
(5295,1.0470069929669521E-4)
(291,1.0470069929669521E-4)
(4839,1.0470069929669521E-4)
(9071,1.0470069929669521E-4)
(931,1.0470069929669521E-4)
(755,1.0470069929669521E-4)
(7591,1.0470069929669521E-4)
(2335,1.0470069929669521E-4)
(8715,1.0470069929669521E-4)
(5839,1.0470069929669521E-4)
(1419,1.0470069929669521E-4)
(8755,1.0470069929669521E-4)
(6827,1.0470069929669521E-4)
(4667,1.0470069929669521E-4)
(4411,1.0470069929669521E-4)
(8727,1.0470069929669521E-4)
(9647,1.0470069929669521E-4)
(355,1.0470069929669521E-4)
(9867,1.0470069929669521E-4)
(3139,1.0470069929669521E-4)
(131,1.0470069929669521E-4)
(7627,1.0470069929669521E-4)
(347,1.0470069929669521E-4)
(9943,1.0470069929669521E-4)
(2351,1.0470069929669521E-4)
(6987,1.0470069929669521E-4)
(8031,1.0470069929669521E-4)
(3903,4.086705694684288E-5)
(5243,1.0470069929669521E-4)
(3611,1.0470069929669521E-4)
(6831,1.0470069929669521E-4)
(8799,1.0470069929669521E-4)
(3487,1.0470069929669521E-4)
(1031,1.0470069929669521E-4)
(6207,7.193573524791715E-5)
(4043,1.0470069929669521E-4)
(4763,1.0470069929669521E-4)
(5479,1.0470069929669521E-4)
(7435,1.0470069929669521E-4)
(2387,1.0470069929669521E-4)
(7603,4.086705694684288E-5)
(7771,1.0470069929669521E-4)
(1075,1.0470069929669521E-4)
(2511,1.0470069929669521E-4)
(1363,1.0470069929669521E-4)
(3351,1.0470069929669521E-4)
(4535,1.0470069929669521E-4)
(7375,1.0470069929669521E-4)
(5727,1.0470069929669521E-4)
(8439,1.0470069929669521E-4)
(9859,1.0470069929669521E-4)
(8119,1.0470069929669521E-4)
(6151,1.0470069929669521E-4)
(79,1.0470069929669521E-4)
(5047,1.0470069929669521E-4)
(5863,1.0470069929669521E-4)
(603,4.086705694684288E-5)
(6051,1.0470069929669521E-4)
(2235,1.0470069929669521E-4)
(3835,1.0470069929669521E-4)
(9027,1.0470069929669521E-4)
(2239,1.0470069929669521E-4)
(3191,1.0470069929669521E-4)
(5123,1.0470069929669521E-4)
(4251,1.0470069929669521E-4)
(7931,1.0470069929669521E-4)
(2787,1.0470069929669521E-4)
(2615,1.0470069929669521E-4)
(83,1.0470069929669521E-4)
(8291,1.0470069929669521E-4)
(7035,1.0470069929669521E-4)
(7315,1.0470069929669521E-4)
(9495,1.0470069929669521E-4)
(6851,1.0470069929669521E-4)
(9795,1.0470069929669521E-4)
(735,1.0470069929669521E-4)
(423,1.0470069929669521E-4)
(1279,1.0470069929669521E-4)
(1567,1.0470069929669521E-4)
(4735,1.0470069929669521E-4)
(4727,1.0470069929669521E-4)
(4951,1.0470069929669521E-4)
(6755,1.0470069929669521E-4)
(9735,1.0470069929669521E-4)
(2439,1.0470069929669521E-4)
(6435,1.0470069929669521E-4)
(2135,1.0470069929669521E-4)
(831,1.0470069929669521E-4)
(3963,1.0470069929669521E-4)
(95,1.0470069929669521E-4)
(379,1.0470069929669521E-4)
(8531,1.0470069929669521E-4)
(6815,1.0470069929669521E-4)
(2251,1.0470069929669521E-4)
(959,1.0470069929669521E-4)
(987,1.0470069929669521E-4)
(259,1.0470069929669521E-4)
(759,1.0470069929669521E-4)
(6591,1.0470069929669521E-4)
(4163,1.0470069929669521E-4)
(5935,1.0470069929669521E-4)
(7847,1.0470069929669521E-4)
(5775,1.0470069929669521E-4)
(8443,1.0470069929669521E-4)
(7,7.193573524791715E-5)
(6555,1.0470069929669521E-4)
(2187,1.0470069929669521E-4)
(6531,1.0470069929669521E-4)
(1035,1.0470069929669521E-4)
(675,1.0470069929669521E-4)
(4555,1.0470069929669521E-4)
(1319,1.0470069929669521E-4)
(2867,1.0470069929669521E-4)
(8603,4.086705694684288E-5)
(695,1.0470069929669521E-4)
(4343,1.0470069929669521E-4)
(5055,1.0470069929669521E-4)
(8571,1.0470069929669521E-4)
(491,1.0470069929669521E-4)
(4671,1.0470069929669521E-4)
(1407,7.193573524791715E-5)
(2555,1.0470069929669521E-4)
(2875,1.0470069929669521E-4)
(2683,1.0470069929669521E-4)
(8891,1.0470069929669521E-4)
(9387,1.0470069929669521E-4)
(359,1.0470069929669521E-4)
(2415,1.0470069929669521E-4)
(1947,1.0470069929669521E-4)
(7735,1.0470069929669521E-4)
(1155,1.0470069929669521E-4)
(9475,1.0470069929669521E-4)
(8147,1.0470069929669521E-4)
(3499,1.0470069929669521E-4)
(6847,1.0470069929669521E-4)
(2279,1.0470069929669521E-4)
(3919,1.0470069929669521E-4)
(7071,1.0470069929669521E-4)
(8139,1.0470069929669521E-4)
(791,1.0470069929669521E-4)
(1431,1.0470069929669521E-4)
(1187,1.0470069929669521E-4)
(9091,1.0470069929669521E-4)
(1555,1.0470069929669521E-4)
(8631,1.0470069929669521E-4)
(2175,1.0470069929669521E-4)
(1883,1.0470069929669521E-4)
(5819,1.0470069929669521E-4)
(2247,1.0470069929669521E-4)
(3703,4.086705694684288E-5)
(2819,1.0470069929669521E-4)
(7967,1.0470069929669521E-4)
(8179,1.0470069929669521E-4)
(483,1.0470069929669521E-4)
(9651,1.0470069929669521E-4)
(2591,1.0470069929669521E-4)
(7083,1.0470069929669521E-4)
(9435,1.0470069929669521E-4)
(4915,1.0470069929669521E-4)
(7439,1.0470069929669521E-4)
(7691,1.0470069929669521E-4)
(4903,4.086705694684288E-5)
(5079,1.0470069929669521E-4)
(5455,1.0470069929669521E-4)
(9927,1.0470069929669521E-4)
(1175,1.0470069929669521E-4)
(6087,1.0470069929669521E-4)
(8539,1.0470069929669521E-4)
(4779,1.0470069929669521E-4)
(1755,1.0470069929669521E-4)
(1623,1.0470069929669521E-4)
(7951,1.0470069929669521E-4)
(9819,1.0470069929669521E-4)
(9135,1.0470069929669521E-4)
(9211,1.0470069929669521E-4)
(2059,1.0470069929669521E-4)
(8499,1.0470069929669521E-4)
(1243,1.0470069929669521E-4)
(3067,1.0470069929669521E-4)
(7751,1.0470069929669521E-4)
(935,1.0470069929669521E-4)
(123,1.0470069929669521E-4)
(2515,1.0470069929669521E-4)
(3323,1.0470069929669521E-4)
(4663,1.0470069929669521E-4)
(4799,1.0470069929669521E-4)
(6911,1.0470069929669521E-4)
(7043,1.0470069929669521E-4)
(7787,1.0470069929669521E-4)
(7715,1.0470069929669521E-4)
(7975,1.0470069929669521E-4)
(9451,1.0470069929669521E-4)
(8087,1.0470069929669521E-4)
(2507,7.193573524791715E-5)
(4791,1.0470069929669521E-4)
(8479,1.0470069929669521E-4)
(9511,1.0470069929669521E-4)
(4435,1.0470069929669521E-4)
(9799,1.0470069929669521E-4)
(6387,1.0470069929669521E-4)
(1987,1.0470069929669521E-4)
(6751,1.0470069929669521E-4)
(727,1.0470069929669521E-4)
(9035,1.0470069929669521E-4)
(8731,1.0470069929669521E-4)
(7039,1.0470069929669521E-4)
(219,1.0470069929669521E-4)
(9987,1.0470069929669521E-4)
(9631,1.0470069929669521E-4)
(8787,1.0470069929669521E-4)
(5227,1.0470069929669521E-4)
(7307,7.193573524791715E-5)
(5339,1.0470069929669521E-4)
(3051,1.0470069929669521E-4)
(3655,1.0470069929669521E-4)
(7959,1.0470069929669521E-4)
(671,1.0470069929669521E-4)
(3971,1.0470069929669521E-4)
(7047,1.0470069929669521E-4)
(2891,1.0470069929669521E-4)
(5987,1.0470069929669521E-4)
(1135,1.0470069929669521E-4)
(9507,7.193573524791715E-5)
(9739,1.0470069929669521E-4)
(159,1.0470069929669521E-4)
(5959,1.0470069929669521E-4)
(2367,1.0470069929669521E-4)
(5487,1.0470069929669521E-4)
(9359,1.0470069929669521E-4)
(9723,1.0470069929669521E-4)
(6995,1.0470069929669521E-4)
(2451,1.0470069929669521E-4)
(587,1.0470069929669521E-4)
(4103,4.086705694684288E-5)
(7311,1.0470069929669521E-4)
(6451,1.0470069929669521E-4)
(2571,1.0470069929669521E-4)
(9643,1.0470069929669521E-4)
(4807,7.193573524791715E-5)
(3519,1.0470069929669521E-4)
(2023,1.0470069929669521E-4)
(3783,1.0470069929669521E-4)
(3811,1.0470069929669521E-4)
(1795,1.0470069929669521E-4)
(2103,4.086705694684288E-5)
(5435,1.0470069929669521E-4)
(8423,1.0470069929669521E-4)
(559,1.0470069929669521E-4)
(1799,1.0470069929669521E-4)
(5519,1.0470069929669521E-4)
(5443,1.0470069929669521E-4)
(163,1.0470069929669521E-4)
(3083,1.0470069929669521E-4)
(2151,1.0470069929669521E-4)
(3879,1.0470069929669521E-4)
(5283,1.0470069929669521E-4)
(487,1.0470069929669521E-4)
(7191,1.0470069929669521E-4)
(5743,1.0470069929669521E-4)
(1123,1.0470069929669521E-4)
(1271,1.0470069929669521E-4)
(2079,1.0470069929669521E-4)
(1911,1.0470069929669521E-4)
(8195,1.0470069929669521E-4)
(9427,1.0470069929669521E-4)
(5967,1.0470069929669521E-4)
(9707,7.193573524791715E-5)
(7271,1.0470069929669521E-4)
(7843,1.0470069929669521E-4)
(5331,1.0470069929669521E-4)
(635,1.0470069929669521E-4)
(3207,7.193573524791715E-5)
(9607,7.193573524791715E-5)
(5095,1.0470069929669521E-4)
(171,1.0470069929669521E-4)
(5755,1.0470069929669521E-4)
(2739,1.0470069929669521E-4)
(3983,1.0470069929669521E-4)
(6975,1.0470069929669521E-4)
(6063,1.0470069929669521E-4)
(399,1.0470069929669521E-4)
(5143,1.0470069929669521E-4)
(3435,1.0470069929669521E-4)
(7195,1.0470069929669521E-4)
(8559,1.0470069929669521E-4)
(8839,1.0470069929669521E-4)
(2183,1.0470069929669521E-4)
(5499,1.0470069929669521E-4)
(8467,1.0470069929669521E-4)
(679,1.0470069929669521E-4)
(1483,1.0470069929669521E-4)
(1651,1.0470069929669521E-4)
(1207,7.193573524791715E-5)
(543,1.0470069929669521E-4)
(9615,1.0470069929669521E-4)
(1603,4.086705694684288E-5)
(2527,1.0470069929669521E-4)
(7407,7.193573524791715E-5)
(1231,1.0470069929669521E-4)
(9731,1.0470069929669521E-4)
(6279,1.0470069929669521E-4)
(4063,1.0470069929669521E-4)
(5147,1.0470069929669521E-4)
(8011,1.0470069929669521E-4)
(5851,1.0470069929669521E-4)
(8607,7.193573524791715E-5)
(2671,1.0470069929669521E-4)
(8463,1.0470069929669521E-4)
(299,1.0470069929669521E-4)
(6335,1.0470069929669521E-4)
(5015,1.0470069929669521E-4)
(5379,1.0470069929669521E-4)
(7575,1.0470069929669521E-4)
(9327,1.0470069929669521E-4)
(539,1.0470069929669521E-4)
(3575,1.0470069929669521E-4)
(139,1.0470069929669521E-4)
(8371,1.0470069929669521E-4)
(8475,1.0470069929669521E-4)
(6231,1.0470069929669521E-4)
(1139,1.0470069929669521E-4)
(4623,1.0470069929669521E-4)
(3095,1.0470069929669521E-4)
(4327,1.0470069929669521E-4)
(6039,1.0470069929669521E-4)
(1003,4.086705694684288E-5)
(8003,4.086705694684288E-5)
(6479,1.0470069929669521E-4)
(6551,1.0470069929669521E-4)
(7383,1.0470069929669521E-4)
(4403,4.086705694684288E-5)
(6907,7.193573524791715E-5)
(3743,1.0470069929669521E-4)
(9155,1.0470069929669521E-4)
(1759,1.0470069929669521E-4)
(3539,1.0470069929669521E-4)
(1959,1.0470069929669521E-4)
(6667,1.0470069929669521E-4)
(3823,1.0470069929669521E-4)
(4231,1.0470069929669521E-4)
(8151,1.0470069929669521E-4)
(6455,1.0470069929669521E-4)
(7927,1.0470069929669521E-4)
(5171,1.0470069929669521E-4)
(7099,1.0470069929669521E-4)
(8623,1.0470069929669521E-4)
(7507,7.193573524791715E-5)
(2123,1.0470069929669521E-4)
(5719,1.0470069929669521E-4)
(1919,1.0470069929669521E-4)
(5631,1.0470069929669521E-4)
(6527,1.0470069929669521E-4)
(1935,1.0470069929669521E-4)
(4983,1.0470069929669521E-4)
(6783,1.0470069929669521E-4)
(8843,1.0470069929669521E-4)
(1227,1.0470069929669521E-4)
(5943,1.0470069929669521E-4)
(1011,1.0470069929669521E-4)
(7447,1.0470069929669521E-4)
(5655,1.0470069929669521E-4)
(8767,1.0470069929669521E-4)
(7019,1.0470069929669521E-4)
(3039,1.0470069929669521E-4)
(8399,1.0470069929669521E-4)
(4047,1.0470069929669521E-4)
(3183,1.0470069929669521E-4)
(3855,1.0470069929669521E-4)
(5043,1.0470069929669521E-4)
(7583,1.0470069929669521E-4)
(1163,1.0470069929669521E-4)
(2111,1.0470069929669521E-4)
(5359,1.0470069929669521E-4)
(4115,1.0470069929669521E-4)
(3447,1.0470069929669521E-4)
(9331,1.0470069929669521E-4)
(435,1.0470069929669521E-4)
(975,1.0470069929669521E-4)
(5975,1.0470069929669521E-4)
(8691,1.0470069929669521E-4)
(5611,1.0470069929669521E-4)
(3511,1.0470069929669521E-4)
(4759,1.0470069929669521E-4)
(3535,1.0470069929669521E-4)
(699,1.0470069929669521E-4)
(6663,1.0470069929669521E-4)
(6983,1.0470069929669521E-4)
(2043,1.0470069929669521E-4)
(6243,1.0470069929669521E-4)
(8083,1.0470069929669521E-4)
(6423,1.0470069929669521E-4)
(1459,1.0470069929669521E-4)
(9595,1.0470069929669521E-4)
(1443,1.0470069929669521E-4)
(7183,1.0470069929669521E-4)
(9243,1.0470069929669521E-4)
(3571,1.0470069929669521E-4)
(5251,1.0470069929669521E-4)
(2923,1.0470069929669521E-4)
(3579,1.0470069929669521E-4)
(7227,1.0470069929669521E-4)
(891,1.0470069929669521E-4)
(1691,1.0470069929669521E-4)
(1791,1.0470069929669521E-4)
(2539,1.0470069929669521E-4)
(2679,1.0470069929669521E-4)
(8035,1.0470069929669521E-4)
(6739,1.0470069929669521E-4)
(6483,1.0470069929669521E-4)
(1079,1.0470069929669521E-4)
(1511,1.0470069929669521E-4)
(5691,1.0470069929669521E-4)
(8947,1.0470069929669521E-4)
(8023,1.0470069929669521E-4)
(1095,1.0470069929669521E-4)
(8751,1.0470069929669521E-4)
(7783,1.0470069929669521E-4)
(879,1.0470069929669521E-4)
(4559,1.0470069929669521E-4)
(4647,1.0470069929669521E-4)
(7539,1.0470069929669521E-4)
(7723,1.0470069929669521E-4)
(7919,1.0470069929669521E-4)
(8135,1.0470069929669521E-4)
(9931,1.0470069929669521E-4)
(9991,1.0470069929669521E-4)
(151,1.0470069929669521E-4)
(9363,1.0470069929669521E-4)
(4815,1.0470069929669521E-4)
(4499,1.0470069929669521E-4)
(9895,1.0470069929669521E-4)
(6419,1.0470069929669521E-4)
(4743,1.0470069929669521E-4)
(8507,7.193573524791715E-5)
(8923,1.0470069929669521E-4)
(767,1.0470069929669521E-4)
(319,1.0470069929669521E-4)
(9123,1.0470069929669521E-4)
(3931,1.0470069929669521E-4)
(9687,1.0470069929669521E-4)
(6939,1.0470069929669521E-4)
(2055,1.0470069929669521E-4)
(8883,1.0470069929669521E-4)
(1375,1.0470069929669521E-4)
(9839,1.0470069929669521E-4)
(639,1.0470069929669521E-4)
(9791,1.0470069929669521E-4)
(3927,1.0470069929669521E-4)
(1771,1.0470069929669521E-4)
(8567,1.0470069929669521E-4)
(2047,1.0470069929669521E-4)
(5571,1.0470069929669521E-4)
(175,1.0470069929669521E-4)
(6127,1.0470069929669521E-4)
(5919,1.0470069929669521E-4)
(6923,1.0470069929669521E-4)
(8675,1.0470069929669521E-4)
(743,1.0470069929669521E-4)
(8943,1.0470069929669521E-4)
(6759,1.0470069929669521E-4)
(4367,1.0470069929669521E-4)
(2295,1.0470069929669521E-4)
(8447,1.0470069929669521E-4)
(6227,1.0470069929669521E-4)
(6823,1.0470069929669521E-4)
(4971,1.0470069929669521E-4)
(6887,1.0470069929669521E-4)
(3719,1.0470069929669521E-4)
(1495,1.0470069929669521E-4)
(1915,1.0470069929669521E-4)
(6371,1.0470069929669521E-4)
(199,1.0470069929669521E-4)
(2907,7.193573524791715E-5)
(8955,1.0470069929669521E-4)
(583,1.0470069929669521E-4)
(1899,1.0470069929669521E-4)
(7887,1.0470069929669521E-4)
(5247,1.0470069929669521E-4)
(2343,1.0470069929669521E-4)
(9491,1.0470069929669521E-4)
(7483,1.0470069929669521E-4)
(5103,4.086705694684288E-5)
(9811,1.0470069929669521E-4)
(6599,1.0470069929669521E-4)
(3847,1.0470069929669521E-4)
(6811,1.0470069929669521E-4)
(471,1.0470069929669521E-4)
(627,1.0470069929669521E-4)
(9479,1.0470069929669521E-4)
(5635,1.0470069929669521E-4)
(8251,1.0470069929669521E-4)
(6947,1.0470069929669521E-4)
(7031,1.0470069929669521E-4)
(7139,1.0470069929669521E-4)
(3799,1.0470069929669521E-4)
(7223,1.0470069929669521E-4)
(2839,1.0470069929669521E-4)
(8107,7.193573524791715E-5)
(6615,1.0470069929669521E-4)
(7503,4.086705694684288E-5)
(9711,1.0470069929669521E-4)
(3283,1.0470069929669521E-4)
(1643,1.0470069929669521E-4)
(1715,1.0470069929669521E-4)
(3631,1.0470069929669521E-4)
(2167,1.0470069929669521E-4)
(431,1.0470069929669521E-4)
(6119,1.0470069929669521E-4)
(391,1.0470069929669521E-4)
(4167,1.0470069929669521E-4)
(9887,1.0470069929669521E-4)
(6807,7.193573524791715E-5)
(1487,1.0470069929669521E-4)
(2447,1.0470069929669521E-4)
(8763,1.0470069929669521E-4)
(475,1.0470069929669521E-4)
(9959,1.0470069929669521E-4)
(6819,1.0470069929669521E-4)
(1259,1.0470069929669521E-4)
(3675,1.0470069929669521E-4)
(6691,1.0470069929669521E-4)
(4079,1.0470069929669521E-4)
(7823,1.0470069929669521E-4)
(9279,1.0470069929669521E-4)
(2259,1.0470069929669521E-4)
(2575,1.0470069929669521E-4)
(5763,1.0470069929669521E-4)
(5211,1.0470069929669521E-4)
(6879,1.0470069929669521E-4)
(939,1.0470069929669521E-4)
(7395,1.0470069929669521E-4)
(2883,1.0470069929669521E-4)
(9487,1.0470069929669521E-4)
(8019,1.0470069929669521E-4)
(9619,1.0470069929669521E-4)
(5179,1.0470069929669521E-4)
(3151,1.0470069929669521E-4)
(5559,1.0470069929669521E-4)
(6363,1.0470069929669521E-4)
(2095,1.0470069929669521E-4)
(9011,1.0470069929669521E-4)
(8255,1.0470069929669521E-4)
(6719,1.0470069929669521E-4)
(6639,1.0470069929669521E-4)
(9139,1.0470069929669521E-4)
(2475,1.0470069929669521E-4)
(8635,1.0470069929669521E-4)
(6323,1.0470069929669521E-4)
(4855,1.0470069929669521E-4)
(7675,1.0470069929669521E-4)
(4219,1.0470069929669521E-4)
(8771,1.0470069929669521E-4)
(8523,1.0470069929669521E-4)
(1815,1.0470069929669521E-4)
(3955,1.0470069929669521E-4)
(6675,1.0470069929669521E-4)
(4459,1.0470069929669521E-4)
(2207,7.193573524791715E-5)
(7871,1.0470069929669521E-4)
(2203,4.086705694684288E-5)
(3035,1.0470069929669521E-4)
(3887,1.0470069929669521E-4)
(4443,1.0470069929669521E-4)
(6239,1.0470069929669521E-4)
(3707,7.193573524791715E-5)
(3415,1.0470069929669521E-4)
(9979,1.0470069929669521E-4)
(4575,1.0470069929669521E-4)
(7683,1.0470069929669521E-4)
(2795,1.0470069929669521E-4)
(6011,1.0470069929669521E-4)
(2971,1.0470069929669521E-4)
(1803,4.086705694684288E-5)
(7155,1.0470069929669521E-4)
(3779,1.0470069929669521E-4)
(1191,1.0470069929669521E-4)
(6399,1.0470069929669521E-4)
(5427,1.0470069929669521E-4)
(7051,1.0470069929669521E-4)
(5735,1.0470069929669521E-4)
(1827,1.0470069929669521E-4)
(1663,1.0470069929669521E-4)
(5603,4.086705694684288E-5)
(4259,1.0470069929669521E-4)
(3531,1.0470069929669521E-4)
(6775,1.0470069929669521E-4)
(1147,1.0470069929669521E-4)
(2199,1.0470069929669521E-4)
(3223,1.0470069929669521E-4)
(8363,1.0470069929669521E-4)
(5899,1.0470069929669521E-4)
(6543,1.0470069929669521E-4)
(4567,1.0470069929669521E-4)
(3371,1.0470069929669521E-4)
(3871,1.0470069929669521E-4)
(3315,1.0470069929669521E-4)
(5003,4.086705694684288E-5)
(5591,1.0470069929669521E-4)
(5371,1.0470069929669521E-4)
(1527,1.0470069929669521E-4)
(7563,1.0470069929669521E-4)
(5759,1.0470069929669521E-4)
(4407,7.193573524791715E-5)
(3255,1.0470069929669521E-4)
(3547,1.0470069929669521E-4)
(4703,4.086705694684288E-5)
(8911,1.0470069929669521E-4)
(4431,1.0470069929669521E-4)
(3215,1.0470069929669521E-4)
(4755,1.0470069929669521E-4)
(7443,1.0470069929669521E-4)
(4351,1.0470069929669521E-4)
(2051,1.0470069929669521E-4)
(9911,1.0470069929669521E-4)
(2027,1.0470069929669521E-4)
(9835,1.0470069929669521E-4)
(1871,1.0470069929669521E-4)
(2691,1.0470069929669521E-4)
(659,1.0470069929669521E-4)
(2331,1.0470069929669521E-4)
(3651,1.0470069929669521E-4)
(3015,1.0470069929669521E-4)
(447,1.0470069929669521E-4)
(3319,1.0470069929669521E-4)
(4643,1.0470069929669521E-4)
(8071,1.0470069929669521E-4)
(2427,1.0470069929669521E-4)
(5175,1.0470069929669521E-4)
(5707,7.193573524791715E-5)
(6319,1.0470069929669521E-4)
(6711,1.0470069929669521E-4)
(2863,1.0470069929669521E-4)
(6991,1.0470069929669521E-4)
(2119,1.0470069929669521E-4)
(9519,1.0470069929669521E-4)
(4363,1.0470069929669521E-4)
(367,1.0470069929669521E-4)
(331,1.0470069929669521E-4)
(5731,1.0470069929669521E-4)
(9783,1.0470069929669521E-4)
(775,1.0470069929669521E-4)
(9351,1.0470069929669521E-4)
(3683,1.0470069929669521E-4)
(3063,1.0470069929669521E-4)
(7695,1.0470069929669521E-4)
(1575,1.0470069929669521E-4)
(283,1.0470069929669521E-4)
(4255,1.0470069929669521E-4)
(4595,1.0470069929669521E-4)
(9039,1.0470069929669521E-4)
(1971,1.0470069929669521E-4)
(7123,1.0470069929669521E-4)
(6015,1.0470069929669521E-4)
(8287,1.0470069929669521E-4)
(9335,1.0470069929669521E-4)
(2035,1.0470069929669521E-4)
(1583,1.0470069929669521E-4)
(1467,1.0470069929669521E-4)
(9743,1.0470069929669521E-4)
(1199,1.0470069929669521E-4)
(2195,1.0470069929669521E-4)
(851,1.0470069929669521E-4)
(2163,1.0470069929669521E-4)
(3171,1.0470069929669521E-4)
(6943,1.0470069929669521E-4)
(3659,1.0470069929669521E-4)
(1475,1.0470069929669521E-4)
(9463,1.0470069929669521E-4)
(5507,7.193573524791715E-5)
(9403,4.086705694684288E-5)
(787,1.0470069929669521E-4)
(6035,1.0470069929669521E-4)
(9699,1.0470069929669521E-4)
(547,1.0470069929669521E-4)
(4031,1.0470069929669521E-4)
(363,1.0470069929669521E-4)
(4599,1.0470069929669521E-4)
(5951,1.0470069929669521E-4)
(3259,1.0470069929669521E-4)
(4831,1.0470069929669521E-4)
(9527,1.0470069929669521E-4)
(1823,1.0470069929669521E-4)
(6215,1.0470069929669521E-4)
(419,1.0470069929669521E-4)
(1551,1.0470069929669521E-4)
(711,1.0470069929669521E-4)
(3807,7.193573524791715E-5)
(5139,1.0470069929669521E-4)
(6439,1.0470069929669521E-4)
(1579,1.0470069929669521E-4)
(2143,1.0470069929669521E-4)
(263,1.0470069929669521E-4)
(2879,1.0470069929669521E-4)
(1219,1.0470069929669521E-4)
(4947,1.0470069929669521E-4)
(6251,1.0470069929669521E-4)
(5467,1.0470069929669521E-4)
(7907,7.193573524791715E-5)
(1563,1.0470069929669521E-4)
(3347,1.0470069929669521E-4)
(4751,1.0470069929669521E-4)
(8851,1.0470069929669521E-4)
(8307,7.193573524791715E-5)
(3527,1.0470069929669521E-4)
(771,1.0470069929669521E-4)
(8711,1.0470069929669521E-4)
(4495,1.0470069929669521E-4)
(4319,1.0470069929669521E-4)
(1671,1.0470069929669521E-4)
(8487,1.0470069929669521E-4)
(3891,1.0470069929669521E-4)
(5071,1.0470069929669521E-4)
(7487,1.0470069929669521E-4)
(9563,1.0470069929669521E-4)
(6131,1.0470069929669521E-4)
(9611,1.0470069929669521E-4)
(7399,1.0470069929669521E-4)
(3043,1.0470069929669521E-4)
(9871,1.0470069929669521E-4)
(1055,1.0470069929669521E-4)
(2627,1.0470069929669521E-4)
(5703,4.086705694684288E-5)
(6103,4.086705694684288E-5)
(7779,1.0470069929669521E-4)
(7811,1.0470069929669521E-4)
(8831,1.0470069929669521E-4)
(8459,1.0470069929669521E-4)
(3555,1.0470069929669521E-4)
(6135,1.0470069929669521E-4)
(2767,1.0470069929669521E-4)
(847,1.0470069929669521E-4)
(9503,4.086705694684288E-5)
(351,1.0470069929669521E-4)
(3695,1.0470069929669521E-4)
(9339,1.0470069929669521E-4)
(3411,1.0470069929669521E-4)
(2827,1.0470069929669521E-4)
(507,7.193573524791715E-5)
(2271,1.0470069929669521E-4)
(3911,1.0470069929669521E-4)
(571,1.0470069929669521E-4)
(3543,1.0470069929669521E-4)
(4619,1.0470069929669521E-4)
(4451,1.0470069929669521E-4)
(3243,1.0470069929669521E-4)
(2763,1.0470069929669521E-4)
(7151,1.0470069929669521E-4)
(9423,1.0470069929669521E-4)
(7207,7.193573524791715E-5)
(8495,1.0470069929669521E-4)
(8451,1.0470069929669521E-4)
(8791,1.0470069929669521E-4)
(9267,1.0470069929669521E-4)
(3767,1.0470069929669521E-4)
(7655,1.0470069929669521E-4)
(3923,1.0470069929669521E-4)
(4235,1.0470069929669521E-4)
(4571,1.0470069929669521E-4)
(6475,1.0470069929669521E-4)
(6167,1.0470069929669521E-4)
(907,7.193573524791715E-5)
(1379,1.0470069929669521E-4)
(2383,1.0470069929669521E-4)
(4091,1.0470069929669521E-4)
(5767,1.0470069929669521E-4)
(8431,1.0470069929669521E-4)
(6271,1.0470069929669521E-4)
(8739,1.0470069929669521E-4)
(707,7.193573524791715E-5)
(6159,1.0470069929669521E-4)
(4223,1.0470069929669521E-4)
(5159,1.0470069929669521E-4)
(4523,1.0470069929669521E-4)
(1171,1.0470069929669521E-4)
(2871,1.0470069929669521E-4)
(4819,1.0470069929669521E-4)
(9995,1.0470069929669521E-4)
(7459,1.0470069929669521E-4)
(3019,1.0470069929669521E-4)
(9751,1.0470069929669521E-4)
(5659,1.0470069929669521E-4)
(279,1.0470069929669521E-4)
(2411,1.0470069929669521E-4)
(4415,1.0470069929669521E-4)
(3263,1.0470069929669521E-4)
(2835,1.0470069929669521E-4)
(9679,1.0470069929669521E-4)
(4547,1.0470069929669521E-4)
(5063,1.0470069929669521E-4)
(8747,1.0470069929669521E-4)
(2703,4.086705694684288E-5)
(3991,1.0470069929669521E-4)
(8403,4.086705694684288E-5)
(9747,1.0470069929669521E-4)
(1007,7.193573524791715E-5)
(3011,1.0470069929669521E-4)
(7291,1.0470069929669521E-4)
(7863,1.0470069929669521E-4)
(1727,1.0470069929669521E-4)
(5187,1.0470069929669521E-4)
(4767,1.0470069929669521E-4)
(9531,1.0470069929669521E-4)
(1203,4.086705694684288E-5)
(643,1.0470069929669521E-4)
(9239,1.0470069929669521E-4)
(2731,1.0470069929669521E-4)
(3975,1.0470069929669521E-4)
(9659,1.0470069929669521E-4)
(9227,1.0470069929669521E-4)
(9159,1.0470069929669521E-4)
(6375,1.0470069929669521E-4)
(943,1.0470069929669521E-4)
(2859,1.0470069929669521E-4)
(7879,1.0470069929669521E-4)
(6963,1.0470069929669521E-4)
(763,1.0470069929669521E-4)
(3819,1.0470069929669521E-4)
(6107,7.193573524791715E-5)
(6223,1.0470069929669521E-4)
(3775,1.0470069929669521E-4)
(6139,1.0470069929669521E-4)
(4851,1.0470069929669521E-4)
(6415,1.0470069929669521E-4)
(6079,1.0470069929669521E-4)
(5235,1.0470069929669521E-4)
(8243,1.0470069929669521E-4)
(91,1.0470069929669521E-4)
(2551,1.0470069929669521E-4)
(8047,1.0470069929669521E-4)
(4139,1.0470069929669521E-4)
(5623,1.0470069929669521E-4)
(6735,1.0470069929669521E-4)
(9295,1.0470069929669521E-4)
(5827,1.0470069929669521E-4)
(119,1.0470069929669521E-4)
(2707,7.193573524791715E-5)
(3463,1.0470069929669521E-4)
(6263,1.0470069929669521E-4)
(511,1.0470069929669521E-4)
(7979,1.0470069929669521E-4)
(8859,1.0470069929669521E-4)
(5879,1.0470069929669521E-4)
(7855,1.0470069929669521E-4)
(5647,1.0470069929669521E-4)
(1023,1.0470069929669521E-4)
(1867,1.0470069929669521E-4)
(3563,1.0470069929669521E-4)
(3099,1.0470069929669521E-4)
(3639,1.0470069929669521E-4)
(7911,1.0470069929669521E-4)
(5903,4.086705694684288E-5)
(6979,1.0470069929669521E-4)
(883,1.0470069929669521E-4)
(6235,1.0470069929669521E-4)
(9163,1.0470069929669521E-4)
(5491,1.0470069929669521E-4)
(3087,1.0470069929669521E-4)
(9303,4.086705694684288E-5)
(1291,1.0470069929669521E-4)
(9099,1.0470069929669521E-4)
(7087,1.0470069929669521E-4)
(4207,7.193573524791715E-5)
(911,1.0470069929669521E-4)
(2479,1.0470069929669521E-4)
(2727,1.0470069929669521E-4)
(523,1.0470069929669521E-4)
(3327,1.0470069929669521E-4)
(3079,1.0470069929669521E-4)
(3187,1.0470069929669521E-4)
(6071,1.0470069929669521E-4)
(5567,1.0470069929669521E-4)
(999,1.0470069929669521E-4)
(6407,7.193573524791715E-5)
(4419,1.0470069929669521E-4)
(1607,7.193573524791715E-5)
(2519,1.0470069929669521E-4)
(7187,1.0470069929669521E-4)
(8907,7.193573524791715E-5)
(9183,1.0470069929669521E-4)
(7995,1.0470069929669521E-4)
(4127,1.0470069929669521E-4)
(6715,1.0470069929669521E-4)
(839,1.0470069929669521E-4)
(1183,1.0470069929669521E-4)
(1811,1.0470069929669521E-4)
(3599,1.0470069929669521E-4)
(1063,1.0470069929669521E-4)
(899,1.0470069929669521E-4)
(1091,1.0470069929669521E-4)
(1267,1.0470069929669521E-4)
(1387,1.0470069929669521E-4)
(7711,1.0470069929669521E-4)
(1619,1.0470069929669521E-4)
(5779,1.0470069929669521E-4)
(8159,1.0470069929669521E-4)
(895,1.0470069929669521E-4)
(6855,1.0470069929669521E-4)
(4427,1.0470069929669521E-4)
(4911,1.0470069929669521E-4)
(2311,1.0470069929669521E-4)
(1863,1.0470069929669521E-4)
(6391,1.0470069929669521E-4)
(1367,1.0470069929669521E-4)
(7295,1.0470069929669521E-4)
(295,1.0470069929669521E-4)
(2179,1.0470069929669521E-4)
(4423,1.0470069929669521E-4)
(335,1.0470069929669521E-4)
(8123,1.0470069929669521E-4)
(9591,1.0470069929669521E-4)
(5459,1.0470069929669521E-4)
(3135,1.0470069929669521E-4)
(9447,1.0470069929669521E-4)
(1303,4.086705694684288E-5)
(2115,1.0470069929669521E-4)
(6175,1.0470069929669521E-4)
(9879,1.0470069929669521E-4)
(8383,1.0470069929669521E-4)
(7803,4.086705694684288E-5)
(8647,1.0470069929669521E-4)
(6331,1.0470069929669521E-4)
(3275,1.0470069929669521E-4)
(7179,1.0470069929669521E-4)
(4931,1.0470069929669521E-4)
(723,1.0470069929669521E-4)
(3859,1.0470069929669521E-4)
(4511,1.0470069929669521E-4)
(8427,1.0470069929669521E-4)
(6351,1.0470069929669521E-4)
(9275,1.0470069929669521E-4)
(1547,1.0470069929669521E-4)
(7203,4.086705694684288E-5)
(7327,1.0470069929669521E-4)
(7515,1.0470069929669521E-4)
(8343,1.0470069929669521E-4)
(5643,1.0470069929669521E-4)
(7875,1.0470069929669521E-4)
(1239,1.0470069929669521E-4)
(1591,1.0470069929669521E-4)
(5335,1.0470069929669521E-4)
(235,1.0470069929669521E-4)
(1415,1.0470069929669521E-4)
(4171,1.0470069929669521E-4)
(1471,1.0470069929669521E-4)
(2303,4.086705694684288E-5)
(7663,1.0470069929669521E-4)
(4111,1.0470069929669521E-4)
(3479,1.0470069929669521E-4)
(7531,1.0470069929669521E-4)
(5399,1.0470069929669521E-4)
(9599,1.0470069929669521E-4)
(7623,1.0470069929669521E-4)
(9971,1.0470069929669521E-4)
(247,1.0470069929669521E-4)
(2979,1.0470069929669521E-4)
(9903,4.086705694684288E-5)
(9471,1.0470069929669521E-4)
(1535,1.0470069929669521E-4)
(5587,1.0470069929669521E-4)
(9983,1.0470069929669521E-4)
(9399,1.0470069929669521E-4)
(5023,1.0470069929669521E-4)
(9375,1.0470069929669521E-4)
(2531,1.0470069929669521E-4)
(6579,1.0470069929669521E-4)
(6447,1.0470069929669521E-4)
(3359,1.0470069929669521E-4)
(8091,1.0470069929669521E-4)
(3967,1.0470069929669521E-4)
(8967,1.0470069929669521E-4)
(8599,1.0470069929669521E-4)
(9195,1.0470069929669521E-4)
(2751,1.0470069929669521E-4)
(3715,1.0470069929669521E-4)
(3291,1.0470069929669521E-4)
(4587,1.0470069929669521E-4)
(9075,1.0470069929669521E-4)
(2131,1.0470069929669521E-4)
(3727,1.0470069929669521E-4)
(1639,1.0470069929669521E-4)
(6459,1.0470069929669521E-4)
(1695,1.0470069929669521E-4)
(6187,1.0470069929669521E-4)
(9347,1.0470069929669521E-4)
(8219,1.0470069929669521E-4)
(1875,1.0470069929669521E-4)
(8235,1.0470069929669521E-4)
(3907,7.193573524791715E-5)
(2895,1.0470069929669521E-4)
(5035,1.0470069929669521E-4)
(6999,1.0470069929669521E-4)
(2083,1.0470069929669521E-4)
(5995,1.0470069929669521E-4)
(4059,1.0470069929669521E-4)
(3523,1.0470069929669521E-4)
(5291,1.0470069929669521E-4)
(4339,1.0470069929669521E-4)
(5527,1.0470069929669521E-4)
(4491,1.0470069929669521E-4)
(9003,4.086705694684288E-5)
(4611,1.0470069929669521E-4)
(4479,1.0470069929669521E-4)
(8719,1.0470069929669521E-4)
(6919,1.0470069929669521E-4)
(7367,1.0470069929669521E-4)
(6367,1.0470069929669521E-4)
(3899,1.0470069929669521E-4)
(8075,1.0470069929669521E-4)
(783,1.0470069929669521E-4)
(9571,1.0470069929669521E-4)
(9191,1.0470069929669521E-4)
(7991,1.0470069929669521E-4)
(231,1.0470069929669521E-4)
(1507,7.193573524791715E-5)
(3119,1.0470069929669521E-4)
(3439,1.0470069929669521E-4)
(2651,1.0470069929669521E-4)
(7235,1.0470069929669521E-4)
(2611,1.0470069929669521E-4)
(5099,1.0470069929669521E-4)
(7167,1.0470069929669521E-4)
(2407,7.193573524791715E-5)
(4123,1.0470069929669521E-4)
(655,1.0470069929669521E-4)
(4387,1.0470069929669521E-4)
(3551,1.0470069929669521E-4)
(5687,1.0470069929669521E-4)
(7103,4.086705694684288E-5)
(5115,1.0470069929669521E-4)
(1087,1.0470069929669521E-4)
(4039,1.0470069929669521E-4)
(6571,1.0470069929669521E-4)
(6767,1.0470069929669521E-4)
(9407,7.193573524791715E-5)
(1679,1.0470069929669521E-4)
(2559,1.0470069929669521E-4)
(3163,1.0470069929669521E-4)
(7983,1.0470069929669521E-4)
(3735,1.0470069929669521E-4)
(167,1.0470069929669521E-4)
(7599,1.0470069929669521E-4)
(4635,1.0470069929669521E-4)
(5319,1.0470069929669521E-4)
(6883,1.0470069929669521E-4)
(15,1.0470069929669521E-4)
(2391,1.0470069929669521E-4)
(9863,1.0470069929669521E-4)
(3127,1.0470069929669521E-4)
(5223,1.0470069929669521E-4)
(8039,1.0470069929669521E-4)
(5835,1.0470069929669521E-4)
(2255,1.0470069929669521E-4)
(903,4.086705694684288E-5)
(4191,1.0470069929669521E-4)
(1983,1.0470069929669521E-4)
(1051,1.0470069929669521E-4)
(5859,1.0470069929669521E-4)
(5195,1.0470069929669521E-4)
(5831,1.0470069929669521E-4)
(4507,7.193573524791715E-5)
(7455,1.0470069929669521E-4)
(4455,1.0470069929669521E-4)
(6067,1.0470069929669521E-4)
(1411,1.0470069929669521E-4)
(1539,1.0470069929669521E-4)
(7943,1.0470069929669521E-4)
(2939,1.0470069929669521E-4)
(4187,1.0470069929669521E-4)
(8879,1.0470069929669521E-4)
(227,1.0470069929669521E-4)
(6191,1.0470069929669521E-4)
(8871,1.0470069929669521E-4)
(1351,1.0470069929669521E-4)
(6683,1.0470069929669521E-4)
(9923,1.0470069929669521E-4)
(223,1.0470069929669521E-4)
(7703,4.086705694684288E-5)
(3471,1.0470069929669521E-4)
(7267,1.0470069929669521E-4)
(7027,1.0470069929669521E-4)
(9655,1.0470069929669521E-4)
(6143,1.0470069929669521E-4)
(7799,1.0470069929669521E-4)
(9023,1.0470069929669521E-4)
(9411,1.0470069929669521E-4)
(2423,1.0470069929669521E-4)
(2347,1.0470069929669521E-4)
(5667,1.0470069929669521E-4)
(6779,1.0470069929669521E-4)
(8295,1.0470069929669521E-4)
(8027,1.0470069929669521E-4)
(807,7.193573524791715E-5)
(3427,1.0470069929669521E-4)
(4563,1.0470069929669521E-4)
(8743,1.0470069929669521E-4)
(9767,1.0470069929669521E-4)
(9515,1.0470069929669521E-4)
(4999,1.0470069929669521E-4)
(383,1.0470069929669521E-4)
(3567,1.0470069929669521E-4)
(4095,1.0470069929669521E-4)
(5155,1.0470069929669521E-4)
(459,1.0470069929669521E-4)
(1787,1.0470069929669521E-4)
(1327,1.0470069929669521E-4)
(6291,1.0470069929669521E-4)
(4175,1.0470069929669521E-4)
(2927,1.0470069929669521E-4)
(3239,1.0470069929669521E-4)
(1299,1.0470069929669521E-4)
(495,1.0470069929669521E-4)
(5419,1.0470069929669521E-4)
(1627,1.0470069929669521E-4)
(7059,1.0470069929669521E-4)
(1543,1.0470069929669521E-4)
(8095,1.0470069929669521E-4)
(2919,1.0470069929669521E-4)
(8663,1.0470069929669521E-4)
(4027,1.0470069929669521E-4)
(1323,1.0470069929669521E-4)
(3507,7.193573524791715E-5)
(4135,1.0470069929669521E-4)
(4183,1.0470069929669521E-4)
(5119,1.0470069929669521E-4)
(6059,1.0470069929669521E-4)
(8535,1.0470069929669521E-4)
(8335,1.0470069929669521E-4)
(3739,1.0470069929669521E-4)
(6495,1.0470069929669521E-4)
(7523,1.0470069929669521E-4)
(2687,1.0470069929669521E-4)
(2887,1.0470069929669521E-4)
(2359,1.0470069929669521E-4)
(971,1.0470069929669521E-4)
(4975,1.0470069929669521E-4)
(6959,1.0470069929669521E-4)
(9079,1.0470069929669521E-4)
(7303,4.086705694684288E-5)
(7587,1.0470069929669521E-4)
(8563,1.0470069929669521E-4)
(5971,1.0470069929669521E-4)
(2455,1.0470069929669521E-4)
(1491,1.0470069929669521E-4)
(1395,1.0470069929669521E-4)
(4311,1.0470069929669521E-4)
(7379,1.0470069929669521E-4)
(8327,1.0470069929669521E-4)
(4383,1.0470069929669521E-4)
(2283,1.0470069929669521E-4)
(5915,1.0470069929669521E-4)
(8347,1.0470069929669521E-4)
(3647,1.0470069929669521E-4)
(1251,1.0470069929669521E-4)
(3667,1.0470069929669521E-4)
(6619,1.0470069929669521E-4)
(5875,1.0470069929669521E-4)
(1975,1.0470069929669521E-4)
(7955,1.0470069929669521E-4)
(1991,1.0470069929669521E-4)
(4847,1.0470069929669521E-4)
(9559,1.0470069929669521E-4)
(7111,1.0470069929669521E-4)
(7079,1.0470069929669521E-4)
(1039,1.0470069929669521E-4)
(1263,1.0470069929669521E-4)
(4859,1.0470069929669521E-4)
(1571,1.0470069929669521E-4)
(1223,1.0470069929669521E-4)
(2743,1.0470069929669521E-4)
(407,7.193573524791715E-5)
(927,1.0470069929669521E-4)
(1751,1.0470069929669521E-4)
(5011,1.0470069929669521E-4)
(9627,1.0470069929669521E-4)
(4051,1.0470069929669521E-4)
(5271,1.0470069929669521E-4)
(9523,1.0470069929669521E-4)
(1455,1.0470069929669521E-4)
(4271,1.0470069929669521E-4)
(179,1.0470069929669521E-4)
(4987,1.0470069929669521E-4)
(2483,1.0470069929669521E-4)
(2619,1.0470069929669521E-4)
(9543,1.0470069929669521E-4)
(983,1.0470069929669521E-4)
(7403,4.086705694684288E-5)
(7319,1.0470069929669521E-4)
(7243,1.0470069929669521E-4)
(7651,1.0470069929669521E-4)
(3459,1.0470069929669521E-4)
(1955,1.0470069929669521E-4)
(4155,1.0470069929669521E-4)
(5855,1.0470069929669521E-4)
(8659,1.0470069929669521E-4)
(7987,1.0470069929669521E-4)
(951,1.0470069929669521E-4)
(3235,1.0470069929669521E-4)
(8319,1.0470069929669521E-4)
(8867,1.0470069929669521E-4)
(2635,1.0470069929669521E-4)
(4615,1.0470069929669521E-4)
(8627,1.0470069929669521E-4)
(1783,1.0470069929669521E-4)
(1655,1.0470069929669521E-4)
(9715,1.0470069929669521E-4)
(1703,4.086705694684288E-5)
(7831,1.0470069929669521E-4)
(3995,1.0470069929669521E-4)
(1423,1.0470069929669521E-4)
(1887,1.0470069929669521E-4)
(687,1.0470069929669521E-4)
(7431,1.0470069929669521E-4)
(4747,1.0470069929669521E-4)
(6463,1.0470069929669521E-4)
(9199,1.0470069929669521E-4)
(4687,1.0470069929669521E-4)
(7835,1.0470069929669521E-4)
(4203,4.086705694684288E-5)
(6931,1.0470069929669521E-4)
(7571,1.0470069929669521E-4)
(2831,1.0470069929669521E-4)
(6003,4.086705694684288E-5)
(3419,1.0470069929669521E-4)
(7999,1.0470069929669521E-4)
(7647,1.0470069929669521E-4)
(9219,1.0470069929669521E-4)
(9443,1.0470069929669521E-4)
(4867,1.0470069929669521E-4)
(6411,1.0470069929669521E-4)
(3107,7.193573524791715E-5)
(4019,1.0470069929669521E-4)
(7971,1.0470069929669521E-4)
(6603,4.086705694684288E-5)
(3355,1.0470069929669521E-4)
(3951,1.0470069929669521E-4)
(5407,7.193573524791715E-5)
(6623,1.0470069929669521E-4)
(2191,1.0470069929669521E-4)
(7011,1.0470069929669521E-4)
(5031,1.0470069929669521E-4)
(8639,1.0470069929669521E-4)
(6839,1.0470069929669521E-4)
(3787,1.0470069929669521E-4)
(4299,1.0470069929669521E-4)
(9151,1.0470069929669521E-4)
(7259,1.0470069929669521E-4)
(8643,1.0470069929669521E-4)
(5279,1.0470069929669521E-4)
(315,1.0470069929669521E-4)
(451,1.0470069929669521E-4)
(1831,1.0470069929669521E-4)
(3455,1.0470069929669521E-4)
(8915,1.0470069929669521E-4)
(5067,1.0470069929669521E-4)
(3751,1.0470069929669521E-4)
(4775,1.0470069929669521E-4)
(3875,1.0470069929669521E-4)
(147,1.0470069929669521E-4)
(1907,7.193573524791715E-5)
(7023,1.0470069929669521E-4)
(4783,1.0470069929669521E-4)
(6695,1.0470069929669521E-4)
(11,1.0470069929669521E-4)
(6547,1.0470069929669521E-4)
(7963,1.0470069929669521E-4)
(5891,1.0470069929669521E-4)
(9755,1.0470069929669521E-4)
(9603,4.086705694684288E-5)
(3791,1.0470069929669521E-4)
(7287,1.0470069929669521E-4)
(9567,1.0470069929669521E-4)
(6955,1.0470069929669521E-4)
(195,1.0470069929669521E-4)
(215,1.0470069929669521E-4)
(5539,1.0470069929669521E-4)
(7451,1.0470069929669521E-4)
(4927,1.0470069929669521E-4)
(7299,1.0470069929669521E-4)
(9187,1.0470069929669521E-4)
(443,1.0470069929669521E-4)
(8723,1.0470069929669521E-4)
(6763,1.0470069929669521E-4)
(4355,1.0470069929669521E-4)
(3383,1.0470069929669521E-4)
(9807,7.193573524791715E-5)
(4871,1.0470069929669521E-4)
(1255,1.0470069929669521E-4)
(4939,1.0470069929669521E-4)
(4287,1.0470069929669521E-4)
(3423,1.0470069929669521E-4)
(967,1.0470069929669521E-4)
(8079,1.0470069929669521E-4)
(715,1.0470069929669521E-4)
(403,4.086705694684288E-5)
(3303,4.086705694684288E-5)
(4639,1.0470069929669521E-4)
(7015,1.0470069929669521E-4)
(5111,1.0470069929669521E-4)
(2323,1.0470069929669521E-4)
(3467,1.0470069929669521E-4)
(815,1.0470069929669521E-4)
(6311,1.0470069929669521E-4)
(799,1.0470069929669521E-4)
(9499,1.0470069929669521E-4)
(8515,1.0470069929669521E-4)
(6803,4.086705694684288E-5)
(6583,1.0470069929669521E-4)
(8527,1.0470069929669521E-4)
(9947,1.0470069929669521E-4)
(8959,1.0470069929669521E-4)
(5135,1.0470069929669521E-4)
(9063,1.0470069929669521E-4)
(3391,1.0470069929669521E-4)
(6303,4.086705694684288E-5)
(6287,1.0470069929669521E-4)
(4711,1.0470069929669521E-4)
(5363,1.0470069929669521E-4)
(6727,1.0470069929669521E-4)
(599,1.0470069929669521E-4)
(2747,1.0470069929669521E-4)
(855,1.0470069929669521E-4)
(1851,1.0470069929669521E-4)
(3831,1.0470069929669521E-4)
(9771,1.0470069929669521E-4)
(2963,1.0470069929669521E-4)
(2159,1.0470069929669521E-4)
(4007,7.193573524791715E-5)
(1731,1.0470069929669521E-4)
(1099,1.0470069929669521E-4)
(5563,1.0470069929669521E-4)
(3195,1.0470069929669521E-4)
(2487,1.0470069929669521E-4)
(3747,1.0470069929669521E-4)
(8919,1.0470069929669521E-4)
(6307,7.193573524791715E-5)
(2987,1.0470069929669521E-4)
(387,1.0470069929669521E-4)
(8115,1.0470069929669521E-4)
(1635,1.0470069929669521E-4)
(2587,1.0470069929669521E-4)
(5471,1.0470069929669521E-4)
(375,1.0470069929669521E-4)
(3495,1.0470069929669521E-4)
(8199,1.0470069929669521E-4)
(8847,1.0470069929669521E-4)
(835,1.0470069929669521E-4)
(1383,1.0470069929669521E-4)
(127,1.0470069929669521E-4)
(1399,1.0470069929669521E-4)
(275,1.0470069929669521E-4)
(3123,1.0470069929669521E-4)
(6183,1.0470069929669521E-4)
(8359,1.0470069929669521E-4)
(4211,1.0470069929669521E-4)
(9483,1.0470069929669521E-4)
(9551,1.0470069929669521E-4)
(2263,1.0470069929669521E-4)
(5307,7.193573524791715E-5)
(827,1.0470069929669521E-4)
(919,1.0470069929669521E-4)
(6211,1.0470069929669521E-4)
(9007,7.193573524791715E-5)
(251,1.0470069929669521E-4)
(6743,1.0470069929669521E-4)
(3251,1.0470069929669521E-4)
(2011,1.0470069929669521E-4)
(6587,1.0470069929669521E-4)
(651,1.0470069929669521E-4)
(3623,1.0470069929669521E-4)
(5871,1.0470069929669521E-4)
(7495,1.0470069929669521E-4)
(1359,1.0470069929669521E-4)
(3031,1.0470069929669521E-4)
(467,1.0470069929669521E-4)
(4591,1.0470069929669521E-4)
(3679,1.0470069929669521E-4)
(7639,1.0470069929669521E-4)
(6163,1.0470069929669521E-4)
(1107,7.193573524791715E-5)
(631,1.0470069929669521E-4)
(6111,1.0470069929669521E-4)
(3451,1.0470069929669521E-4)
(863,1.0470069929669521E-4)
(9663,1.0470069929669521E-4)
(4371,1.0470069929669521E-4)
(1843,1.0470069929669521E-4)
(5595,1.0470069929669521E-4)
(9095,1.0470069929669521E-4)
(5795,1.0470069929669521E-4)
(6859,1.0470069929669521E-4)
(1699,1.0470069929669521E-4)
(4899,1.0470069929669521E-4)
(3071,1.0470069929669521E-4)
(6867,1.0470069929669521E-4)
(6935,1.0470069929669521E-4)
(6095,1.0470069929669521E-4)
(9107,7.193573524791715E-5)
(3999,1.0470069929669521E-4)
(2147,1.0470069929669521E-4)
(4739,1.0470069929669521E-4)
(5551,1.0470069929669521E-4)
(2459,1.0470069929669521E-4)
(499,1.0470069929669521E-4)
(1531,1.0470069929669521E-4)
(6595,1.0470069929669521E-4)
(7727,1.0470069929669521E-4)
(3491,1.0470069929669521E-4)
(8707,7.193573524791715E-5)
(8171,1.0470069929669521E-4)
(267,1.0470069929669521E-4)
(3863,1.0470069929669521E-4)
(8331,1.0470069929669521E-4)
(327,1.0470069929669521E-4)
(6747,1.0470069929669521E-4)
(8979,1.0470069929669521E-4)
(5007,7.193573524791715E-5)
(4099,1.0470069929669521E-4)
(3379,1.0470069929669521E-4)
(8303,4.086705694684288E-5)
(6383,1.0470069929669521E-4)
(9223,1.0470069929669521E-4)
(5083,1.0470069929669521E-4)
(8795,1.0470069929669521E-4)
(683,1.0470069929669521E-4)
(415,1.0470069929669521E-4)
(8595,1.0470069929669521E-4)
(4179,1.0470069929669521E-4)
(5403,4.086705694684288E-5)
(5351,1.0470069929669521E-4)
(1891,1.0470069929669521E-4)
(8783,1.0470069929669521E-4)
(2091,1.0470069929669521E-4)
(6967,1.0470069929669521E-4)
(2071,1.0470069929669521E-4)
(103,4.086705694684288E-5)
(4247,1.0470069929669521E-4)
(5911,1.0470069929669521E-4)
(7899,1.0470069929669521E-4)
(8127,1.0470069929669521E-4)
(4315,1.0470069929669521E-4)
(4071,1.0470069929669521E-4)
(7107,7.193573524791715E-5)
(2067,1.0470069929669521E-4)
(3211,1.0470069929669521E-4)
(4075,1.0470069929669521E-4)
(343,1.0470069929669521E-4)
(7791,1.0470069929669521E-4)
(5207,7.193573524791715E-5)
(1235,1.0470069929669521E-4)
(7251,1.0470069929669521E-4)
(2495,1.0470069929669521E-4)
(23,1.0470069929669521E-4)
(1979,1.0470069929669521E-4)
(1659,1.0470069929669521E-4)
(6283,1.0470069929669521E-4)
(3131,1.0470069929669521E-4)
(3515,1.0470069929669521E-4)
(5599,1.0470069929669521E-4)
(3,4.086705694684288E-5)
(7115,1.0470069929669521E-4)
(7475,1.0470069929669521E-4)
(3287,1.0470069929669521E-4)
(9855,1.0470069929669521E-4)
(9431,1.0470069929669521E-4)
(7839,1.0470069929669521E-4)
(271,1.0470069929669521E-4)
(1743,1.0470069929669521E-4)
(5751,1.0470069929669521E-4)
(8175,1.0470069929669521E-4)
(2019,1.0470069929669521E-4)
(7827,1.0470069929669521E-4)
(2107,7.193573524791715E-5)
(1287,1.0470069929669521E-4)
(5711,1.0470069929669521E-4)
(4879,1.0470069929669521E-4)
(5299,1.0470069929669521E-4)
(5347,1.0470069929669521E-4)
(2959,1.0470069929669521E-4)
(9255,1.0470069929669521E-4)
(8815,1.0470069929669521E-4)
(1347,1.0470069929669521E-4)
(2291,1.0470069929669521E-4)
(5167,1.0470069929669521E-4)
(2975,1.0470069929669521E-4)
(1167,1.0470069929669521E-4)
(9623,1.0470069929669521E-4)
(2031,1.0470069929669521E-4)
(1967,1.0470069929669521E-4)
(923,1.0470069929669521E-4)
(2363,1.0470069929669521E-4)
(3199,1.0470069929669521E-4)
(51,1.0470069929669521E-4)
(2467,1.0470069929669521E-4)
(3867,1.0470069929669521E-4)
(567,1.0470069929669521E-4)
(2463,1.0470069929669521E-4)
(5107,7.193573524791715E-5)
(7491,1.0470069929669521E-4)
(843,1.0470069929669521E-4)
(1735,1.0470069929669521E-4)
(5815,1.0470069929669521E-4)
(5907,7.193573524791715E-5)
(9695,1.0470069929669521E-4)
(8887,1.0470069929669521E-4)
(7763,1.0470069929669521E-4)
(7419,1.0470069929669521E-4)
(6799,1.0470069929669521E-4)
(1435,1.0470069929669521E-4)
(5075,1.0470069929669521E-4)
(8543,1.0470069929669521E-4)
(4463,1.0470069929669521E-4)
(555,1.0470069929669521E-4)
(1463,1.0470069929669521E-4)
(3595,1.0470069929669521E-4)
(663,1.0470069929669521E-4)
(7003,4.086705694684288E-5)
(9579,1.0470069929669521E-4)
(2127,1.0470069929669521E-4)
(6179,1.0470069929669521E-4)
(7891,1.0470069929669521E-4)
(5895,1.0470069929669521E-4)
(7423,1.0470069929669521E-4)
(4475,1.0470069929669521E-4)
(1151,1.0470069929669521E-4)
(5183,1.0470069929669521E-4)
(4275,1.0470069929669521E-4)
(8519,1.0470069929669521E-4)
(27,1.0470069929669521E-4)
(2435,1.0470069929669521E-4)
(2855,1.0470069929669521E-4)
(7063,1.0470069929669521E-4)
(3755,1.0470069929669521E-4)
(4023,1.0470069929669521E-4)
(6275,1.0470069929669521E-4)
(5579,1.0470069929669521E-4)
(5991,1.0470069929669521E-4)
(5791,1.0470069929669521E-4)
(6843,1.0470069929669521E-4)
(8579,1.0470069929669521E-4)
(3375,1.0470069929669521E-4)
(8203,4.086705694684288E-5)
(5947,1.0470069929669521E-4)
(1047,1.0470069929669521E-4)
(5027,1.0470069929669521E-4)
(4675,1.0470069929669521E-4)
(751,1.0470069929669521E-4)
(7275,1.0470069929669521E-4)
(2579,1.0470069929669521E-4)
(4483,1.0470069929669521E-4)
(6687,1.0470069929669521E-4)
(39,1.0470069929669521E-4)
(3331,1.0470069929669521E-4)
(1503,4.086705694684288E-5)
(5019,1.0470069929669521E-4)
(6891,1.0470069929669521E-4)
(7343,1.0470069929669521E-4)
(6927,1.0470069929669521E-4)
(2327,1.0470069929669521E-4)
(71,1.0470069929669521E-4)
(8587,1.0470069929669521E-4)
(9019,1.0470069929669521E-4)
(8931,1.0470069929669521E-4)
(4803,4.086705694684288E-5)
(1127,1.0470069929669521E-4)
(311,1.0470069929669521E-4)
(7135,1.0470069929669521E-4)
(7263,1.0470069929669521E-4)
(4295,1.0470069929669521E-4)
(8391,1.0470069929669521E-4)
(1923,1.0470069929669521E-4)
(8143,1.0470069929669521E-4)
(8491,1.0470069929669521E-4)
(7163,1.0470069929669521E-4)
(9823,1.0470069929669521E-4)
(9851,1.0470069929669521E-4)
(1723,1.0470069929669521E-4)
(6083,1.0470069929669521E-4)
(4107,7.193573524791715E-5)
(8131,1.0470069929669521E-4)
(1027,1.0470069929669521E-4)
(2791,1.0470069929669521E-4)
(211,1.0470069929669521E-4)
(3055,1.0470069929669521E-4)
(3311,1.0470069929669521E-4)
(3475,1.0470069929669521E-4)
(9547,1.0470069929669521E-4)
(5087,1.0470069929669521E-4)
(4683,1.0470069929669521E-4)
(2851,1.0470069929669521E-4)
(8963,1.0470069929669521E-4)
(6255,1.0470069929669521E-4)
(2943,1.0470069929669521E-4)
(1307,7.193573524791715E-5)
(1015,1.0470069929669521E-4)
(4239,1.0470069929669521E-4)
(5199,1.0470069929669521E-4)
(59,1.0470069929669521E-4)
(6027,1.0470069929669521E-4)
(2299,1.0470069929669521E-4)
(4731,1.0470069929669521E-4)
(4539,1.0470069929669521E-4)
(9291,1.0470069929669521E-4)
(4659,1.0470069929669521E-4)
(411,1.0470069929669521E-4)
(3559,1.0470069929669521E-4)
(1315,1.0470069929669521E-4)
(2315,1.0470069929669521E-4)
(3979,1.0470069929669521E-4)
(4067,1.0470069929669521E-4)
(5807,7.193573524791715E-5)
(7067,1.0470069929669521E-4)
(7463,1.0470069929669521E-4)
(6631,1.0470069929669521E-4)
(1611,1.0470069929669521E-4)
(8975,1.0470069929669521E-4)
(9899,1.0470069929669521E-4)
(8863,1.0470069929669521E-4)
(8987,1.0470069929669521E-4)
(5311,1.0470069929669521E-4)
(2631,1.0470069929669521E-4)
(6075,1.0470069929669521E-4)
(31,1.0470069929669521E-4)
(7719,1.0470069929669521E-4)
(4215,1.0470069929669521E-4)
(9047,1.0470069929669521E-4)
(3619,1.0470069929669521E-4)
(6871,1.0470069929669521E-4)
(7819,1.0470069929669521E-4)
(7127,1.0470069929669521E-4)
(647,1.0470069929669521E-4)
(2375,1.0470069929669521E-4)
(2759,1.0470069929669521E-4)
(591,1.0470069929669521E-4)
(8819,1.0470069929669521E-4)
(2523,1.0470069929669521E-4)
(1879,1.0470069929669521E-4)
(1943,1.0470069929669521E-4)
(5999,1.0470069929669521E-4)
(963,1.0470069929669521E-4)
(2503,4.086705694684288E-5)
(6199,1.0470069929669521E-4)
(3167,1.0470069929669521E-4)
(2899,1.0470069929669521E-4)
(6007,7.193573524791715E-5)
(7283,1.0470069929669521E-4)
(8279,1.0470069929669521E-4)
(3147,1.0470069929669521E-4)
(2499,1.0470069929669521E-4)
(5215,1.0470069929669521E-4)
(6315,1.0470069929669521E-4)
(7323,1.0470069929669521E-4)
(9951,1.0470069929669521E-4)
(6671,1.0470069929669521E-4)
(4531,1.0470069929669521E-4)
(3687,1.0470069929669521E-4)
(4391,1.0470069929669521E-4)
(5715,1.0470069929669521E-4)
(8455,1.0470069929669521E-4)
(519,1.0470069929669521E-4)
(6259,1.0470069929669521E-4)
(8951,1.0470069929669521E-4)
(2811,1.0470069929669521E-4)
(5923,1.0470069929669521E-4)
(8395,1.0470069929669521E-4)
(4863,1.0470069929669521E-4)
(2319,1.0470069929669521E-4)
(779,1.0470069929669521E-4)
(3663,1.0470069929669521E-4)
(4887,1.0470069929669521E-4)
(3103,4.086705694684288E-5)
(8231,1.0470069929669521E-4)
(6099,1.0470069929669521E-4)
(371,1.0470069929669521E-4)
(3803,4.086705694684288E-5)
(9115,1.0470069929669521E-4)
(8803,4.086705694684288E-5)
(479,1.0470069929669521E-4)
(5259,1.0470069929669521E-4)
(6487,1.0470069929669521E-4)
(6707,7.193573524791715E-5)
(4519,1.0470069929669521E-4)
(2667,1.0470069929669521E-4)
(5255,1.0470069929669521E-4)
(5955,1.0470069929669521E-4)
(6147,1.0470069929669521E-4)
(8835,1.0470069929669521E-4)
(8683,1.0470069929669521E-4)
(575,1.0470069929669521E-4)
(3635,1.0470069929669521E-4)
(4471,1.0470069929669521E-4)
(3943,1.0470069929669521E-4)
(615,1.0470069929669521E-4)
(6899,1.0470069929669521E-4)
(1767,1.0470069929669521E-4)
(7595,1.0470069929669521E-4)
(6895,1.0470069929669521E-4)
(5535,1.0470069929669521E-4)
(4995,1.0470069929669521E-4)
(8063,1.0470069929669521E-4)
(3731,1.0470069929669521E-4)
(5939,1.0470069929669521E-4)
(9067,1.0470069929669521E-4)
(8007,7.193573524791715E-5)
(8211,1.0470069929669521E-4)
(4267,1.0470069929669521E-4)
(5263,1.0470069929669521E-4)
(9575,1.0470069929669521E-4)
(9127,1.0470069929669521E-4)
(1371,1.0470069929669521E-4)
(9691,1.0470069929669521E-4)
(5343,1.0470069929669521E-4)
(5431,1.0470069929669521E-4)
(35,1.0470069929669521E-4)
(5039,1.0470069929669521E-4)
(5843,1.0470069929669521E-4)
(5543,1.0470069929669521E-4)
(9639,1.0470069929669521E-4)
(2215,1.0470069929669521E-4)
(2655,1.0470069929669521E-4)
(2171,1.0470069929669521E-4)
(1999,1.0470069929669521E-4)
(9355,1.0470069929669521E-4)
(7371,1.0470069929669521E-4)
(7351,1.0470069929669521E-4)
(339,1.0470069929669521E-4)
(5523,1.0470069929669521E-4)
(5747,1.0470069929669521E-4)
(3407,7.193573524791715E-5)
(3279,1.0470069929669521E-4)
(4131,1.0470069929669521E-4)
(6539,1.0470069929669521E-4)
(6499,1.0470069929669521E-4)
(9343,1.0470069929669521E-4)
(6699,1.0470069929669521E-4)
(7755,1.0470069929669521E-4)
(8651,1.0470069929669521E-4)
(7239,1.0470069929669521E-4)
(8259,1.0470069929669521E-4)
(1747,1.0470069929669521E-4)
(4603,4.086705694684288E-5)
(1587,1.0470069929669521E-4)
(7743,1.0470069929669521E-4)
(2663,1.0470069929669521E-4)
(2947,1.0470069929669521E-4)
(9975,1.0470069929669521E-4)
(9787,1.0470069929669521E-4)
(7339,1.0470069929669521E-4)
(5355,1.0470069929669521E-4)
(3115,1.0470069929669521E-4)
(1019,1.0470069929669521E-4)
(9727,1.0470069929669521E-4)
(5963,1.0470069929669521E-4)
(2379,1.0470069929669521E-4)
(8619,1.0470069929669521E-4)
(3143,1.0470069929669521E-4)
(1499,1.0470069929669521E-4)
(6723,1.0470069929669521E-4)
(1479,1.0470069929669521E-4)
(871,1.0470069929669521E-4)
(7331,1.0470069929669521E-4)
(1819,1.0470069929669521E-4)
(7527,1.0470069929669521E-4)
(287,1.0470069929669521E-4)
(87,1.0470069929669521E-4)
(5423,1.0470069929669521E-4)
(2243,1.0470069929669521E-4)
(455,1.0470069929669521E-4)
(1215,1.0470069929669521E-4)
(9907,7.193573524791715E-5)
(2139,1.0470069929669521E-4)
(3883,1.0470069929669521E-4)
(9935,1.0470069929669521E-4)
(4147,1.0470069929669521E-4)
(4015,1.0470069929669521E-4)
(691,1.0470069929669521E-4)
(2779,1.0470069929669521E-4)
(3335,1.0470069929669521E-4)
(607,7.193573524791715E-5)
(5375,1.0470069929669521E-4)
(8939,1.0470069929669521E-4)
(75,1.0470069929669521E-4)
(7747,1.0470069929669521E-4)
(9535,1.0470069929669521E-4)
(3179,1.0470069929669521E-4)
(7867,1.0470069929669521E-4)
(8227,1.0470069929669521E-4)
(5231,1.0470069929669521E-4)
(7643,1.0470069929669521E-4)
(9319,1.0470069929669521E-4)
(8583,1.0470069929669521E-4)
(5615,1.0470069929669521E-4)
(4303,4.086705694684288E-5)
(1335,1.0470069929669521E-4)
(1331,1.0470069929669521E-4)
(5555,1.0470069929669521E-4)
(6267,1.0470069929669521E-4)
(6971,1.0470069929669521E-4)
(8811,1.0470069929669521E-4)
(2007,7.193573524791715E-5)
(3027,1.0470069929669521E-4)
(5679,1.0470069929669521E-4)
(6355,1.0470069929669521E-4)
(9683,1.0470069929669521E-4)
(4263,1.0470069929669521E-4)
(6515,1.0470069929669521E-4)
(5683,1.0470069929669521E-4)
(9667,1.0470069929669521E-4)
(9247,1.0470069929669521E-4)
(747,1.0470069929669521E-4)
(6903,4.086705694684288E-5)
(9371,1.0470069929669521E-4)
(3947,1.0470069929669521E-4)
(8775,1.0470069929669521E-4)
(9299,1.0470069929669521E-4)
(1595,1.0470069929669521E-4)
(4467,1.0470069929669521E-4)
(9179,1.0470069929669521E-4)
(3627,1.0470069929669521E-4)
(9391,1.0470069929669521E-4)
(803,4.086705694684288E-5)
(9251,1.0470069929669521E-4)
(2903,4.086705694684288E-5)
(3003,4.086705694684288E-5)
(3483,1.0470069929669521E-4)
(6491,1.0470069929669521E-4)
(7671,1.0470069929669521E-4)
(7807,7.193573524791715E-5)
(7903,4.086705694684288E-5)
(9587,1.0470069929669521E-4)
(5663,1.0470069929669521E-4)
(1143,1.0470069929669521E-4)
(4715,1.0470069929669521E-4)
(9891,1.0470069929669521E-4)
(4991,1.0470069929669521E-4)
(2771,1.0470069929669521E-4)
(3671,1.0470069929669521E-4)
(6771,1.0470069929669521E-4)
(4119,1.0470069929669521E-4)
(979,1.0470069929669521E-4)
(7667,1.0470069929669521E-4)
(3691,1.0470069929669521E-4)
(5451,1.0470069929669521E-4)
(1711,1.0470069929669521E-4)
(8223,1.0470069929669521E-4)
(6431,1.0470069929669521E-4)
(1859,1.0470069929669521E-4)
(6343,1.0470069929669521E-4)
(6607,7.193573524791715E-5)
(3395,1.0470069929669521E-4)
(7759,1.0470069929669521E-4)
(5463,1.0470069929669521E-4)
(2227,1.0470069929669521E-4)
(5439,1.0470069929669521E-4)
(7915,1.0470069929669521E-4)
(7619,1.0470069929669521E-4)
(9043,1.0470069929669521E-4)
(7767,1.0470069929669521E-4)
(9555,1.0470069929669521E-4)
(795,1.0470069929669521E-4)
(6471,1.0470069929669521E-4)
(307,7.193573524791715E-5)
(2643,1.0470069929669521E-4)
(6627,1.0470069929669521E-4)
(7935,1.0470069929669521E-4)
(1355,1.0470069929669521E-4)
(7631,1.0470069929669521E-4)
(1523,1.0470069929669521E-4)
(4679,1.0470069929669521E-4)
(7467,1.0470069929669521E-4)
(6155,1.0470069929669521E-4)
(303,4.086705694684288E-5)
(4359,1.0470069929669521E-4)
(8511,1.0470069929669521E-4)
(9311,1.0470069929669521E-4)
(1995,1.0470069929669521E-4)
(703,4.086705694684288E-5)
(4843,1.0470069929669521E-4)
(623,1.0470069929669521E-4)
(2715,1.0470069929669521E-4)
(3023,1.0470069929669521E-4)
(1807,7.193573524791715E-5)
(7947,1.0470069929669521E-4)
(535,1.0470069929669521E-4)
(3935,1.0470069929669521E-4)
(2371,1.0470069929669521E-4)
(2231,1.0470069929669521E-4)
(4959,1.0470069929669521E-4)
(4283,1.0470069929669521E-4)
(1739,1.0470069929669521E-4)
(9847,1.0470069929669521E-4)
(7519,1.0470069929669521E-4)
(6523,1.0470069929669521E-4)
(3795,1.0470069929669521E-4)
(2931,1.0470069929669521E-4)
(8111,1.0470069929669521E-4)
(2471,1.0470069929669521E-4)
(8167,1.0470069929669521E-4)
(7615,1.0470069929669521E-4)
(8551,1.0470069929669521E-4)
(6951,1.0470069929669521E-4)
(6503,4.086705694684288E-5)
(719,1.0470069929669521E-4)
(5787,1.0470069929669521E-4)
(7815,1.0470069929669521E-4)
(8679,1.0470069929669521E-4)
(2219,1.0470069929669521E-4)
(2659,1.0470069929669521E-4)
(5619,1.0470069929669521E-4)
(9287,1.0470069929669521E-4)
(255,1.0470069929669521E-4)
(3839,1.0470069929669521E-4)
(6519,1.0470069929669521E-4)
(7775,1.0470069929669521E-4)
(9675,1.0470069929669521E-4)
(8671,1.0470069929669521E-4)
(5931,1.0470069929669521E-4)
(9315,1.0470069929669521E-4)
(5275,1.0470069929669521E-4)
(4787,1.0470069929669521E-4)
(5531,1.0470069929669521E-4)
(515,1.0470069929669521E-4)
(7923,1.0470069929669521E-4)
(3583,1.0470069929669521E-4)
(731,1.0470069929669521E-4)
(6875,1.0470069929669521E-4)
(5163,1.0470069929669521E-4)
(2607,7.193573524791715E-5)
(5979,1.0470069929669521E-4)
(5583,1.0470069929669521E-4)
(8419,1.0470069929669521E-4)
(9143,1.0470069929669521E-4)
(8703,4.086705694684288E-5)
(2843,1.0470069929669521E-4)
(6395,1.0470069929669521E-4)
(3111,1.0470069929669521E-4)
(5867,1.0470069929669521E-4)
(4691,1.0470069929669521E-4)
(6651,1.0470069929669521E-4)
(5671,1.0470069929669521E-4)
(7347,1.0470069929669521E-4)
(8547,1.0470069929669521E-4)
(3591,1.0470069929669521E-4)
(9167,1.0470069929669521E-4)
(1311,1.0470069929669521E-4)
(2339,1.0470069929669521E-4)
(4447,1.0470069929669521E-4)
(3771,1.0470069929669521E-4)
(8239,1.0470069929669521E-4)
(3231,1.0470069929669521E-4)
(427,1.0470069929669521E-4)
(5387,1.0470069929669521E-4)
(6563,1.0470069929669521E-4)
(9307,7.193573524791715E-5)
(2911,1.0470069929669521E-4)
(6655,1.0470069929669521E-4)
(1615,1.0470069929669521E-4)
(1059,1.0470069929669521E-4)
(8899,1.0470069929669521E-4)
(8275,1.0470069929669521E-4)
(1195,1.0470069929669521E-4)
(5699,1.0470069929669521E-4)
(1427,1.0470069929669521E-4)
(2403,4.086705694684288E-5)
(7231,1.0470069929669521E-4)
(915,1.0470069929669521E-4)
(1159,1.0470069929669521E-4)
(187,1.0470069929669521E-4)
(2675,1.0470069929669521E-4)
(4291,1.0470069929669521E-4)
(1903,4.086705694684288E-5)
(4243,1.0470069929669521E-4)
(4083,1.0470069929669521E-4)
(7143,1.0470069929669521E-4)
(5151,1.0470069929669521E-4)
(7255,1.0470069929669521E-4)
(6787,1.0470069929669521E-4)
(6047,1.0470069929669521E-4)
(243,1.0470069929669521E-4)
(2155,1.0470069929669521E-4)
(3367,1.0470069929669521E-4)
(8247,1.0470069929669521E-4)
(8555,1.0470069929669521E-4)
(8015,1.0470069929669521E-4)
(8351,1.0470069929669521E-4)
(9379,1.0470069929669521E-4)
(4627,1.0470069929669521E-4)
(9175,1.0470069929669521E-4)
(2015,1.0470069929669521E-4)
(5383,1.0470069929669521E-4)
(9235,1.0470069929669521E-4)
(3343,1.0470069929669521E-4)
(5927,1.0470069929669521E-4)
(7659,1.0470069929669521E-4)
(7547,1.0470069929669521E-4)
(2735,1.0470069929669521E-4)
(2915,1.0470069929669521E-4)
(4347,1.0470069929669521E-4)
(6835,1.0470069929669521E-4)
(7687,1.0470069929669521E-4)
(143,1.0470069929669521E-4)
(595,1.0470069929669521E-4)
(579,1.0470069929669521E-4)
(2599,1.0470069929669521E-4)
(8299,1.0470069929669521E-4)
(8323,1.0470069929669521E-4)
(2563,1.0470069929669521E-4)
(8407,7.193573524791715E-5)
(7579,1.0470069929669521E-4)
(5131,1.0470069929669521E-4)
(819,1.0470069929669521E-4)
(4723,1.0470069929669521E-4)
(3603,4.086705694684288E-5)
(8375,1.0470069929669521E-4)
(3443,1.0470069929669521E-4)
(439,1.0470069929669521E-4)
(5823,1.0470069929669521E-4)
(2991,1.0470069929669521E-4)
(8735,1.0470069929669521E-4)
(9231,1.0470069929669521E-4)
(3827,1.0470069929669521E-4)
(5483,1.0470069929669521E-4)
(7479,1.0470069929669521E-4)
(9083,1.0470069929669521E-4)
(9883,1.0470069929669521E-4)
(8163,1.0470069929669521E-4)
(8207,7.193573524791715E-5)
(9843,1.0470069929669521E-4)
(5091,1.0470069929669521E-4)
(7247,1.0470069929669521E-4)
(8827,1.0470069929669521E-4)
(9919,1.0470069929669521E-4)
(8611,1.0470069929669521E-4)
(1515,1.0470069929669521E-4)
(8043,1.0470069929669521E-4)
(8263,1.0470069929669521E-4)
(111,1.0470069929669521E-4)
(527,1.0470069929669521E-4)
(4055,1.0470069929669521E-4)
(2623,1.0470069929669521E-4)
(8615,1.0470069929669521E-4)
(3587,1.0470069929669521E-4)
(8903,4.086705694684288E-5)
(5811,1.0470069929669521E-4)
(1855,1.0470069929669521E-4)
(4607,7.193573524791715E-5)
(7411,1.0470069929669521E-4)
(4891,1.0470069929669521E-4)
(7387,1.0470069929669521E-4)
(3267,1.0470069929669521E-4)
(8483,1.0470069929669521E-4)
(8667,1.0470069929669521E-4)
(6679,1.0470069929669521E-4)
(1951,1.0470069929669521E-4)
(2491,1.0470069929669521E-4)
(4543,1.0470069929669521E-4)
(9763,1.0470069929669521E-4)
(4579,1.0470069929669521E-4)
(2583,1.0470069929669521E-4)
(99,1.0470069929669521E-4)
(7215,1.0470069929669521E-4)
(2699,1.0470069929669521E-4)
(8055,1.0470069929669521E-4)
(7355,1.0470069929669521E-4)
(8875,1.0470069929669521E-4)
(1447,1.0470069929669521E-4)
(2807,7.193573524791715E-5)
(6567,1.0470069929669521E-4)
(8503,4.086705694684288E-5)
(1775,1.0470069929669521E-4)
(7679,1.0470069929669521E-4)
(4919,1.0470069929669521E-4)
(9967,1.0470069929669521E-4)
(1931,1.0470069929669521E-4)
(3387,1.0470069929669521E-4)
(2755,1.0470069929669521E-4)
(5675,1.0470069929669521E-4)
(8935,1.0470069929669521E-4)
(4935,1.0470069929669521E-4)
(6359,1.0470069929669521E-4)
(2847,1.0470069929669521E-4)
(1559,1.0470069929669521E-4)
(1707,7.193573524791715E-5)
(135,1.0470069929669521E-4)
(1927,1.0470069929669521E-4)
(2999,1.0470069929669521E-4)
(4395,1.0470069929669521E-4)
(4655,1.0470069929669521E-4)
(2723,1.0470069929669521E-4)
(5515,1.0470069929669521E-4)
(3399,1.0470069929669521E-4)
(2275,1.0470069929669521E-4)
(9703,4.086705694684288E-5)
(239,1.0470069929669521E-4)
(6511,1.0470069929669521E-4)
(3643,1.0470069929669521E-4)
(4011,1.0470069929669521E-4)
(8699,1.0470069929669521E-4)
(867,1.0470069929669521E-4)
(7119,1.0470069929669521E-4)
(3175,1.0470069929669521E-4)
(8411,1.0470069929669521E-4)
(9103,4.086705694684288E-5)
(2935,1.0470069929669521E-4)
(875,1.0470069929669521E-4)
(3219,1.0470069929669521E-4)
(7739,1.0470069929669521E-4)
(1111,1.0470069929669521E-4)
(1939,1.0470069929669521E-4)
(7075,1.0470069929669521E-4)
(3759,1.0470069929669521E-4)
(2307,7.193573524791715E-5)
(531,1.0470069929669521E-4)
(1071,1.0470069929669521E-4)
(7007,7.193573524791715E-5)
(7175,1.0470069929669521E-4)
(1683,1.0470069929669521E-4)
(563,1.0470069929669521E-4)
(1343,1.0470069929669521E-4)
(2803,4.086705694684288E-5)
(4439,1.0470069929669521E-4)
(4771,1.0470069929669521E-4)
(3363,1.0470069929669521E-4)
(9171,1.0470069929669521E-4)
(3403,4.086705694684288E-5)
(2995,1.0470069929669521E-4)
(5883,1.0470069929669521E-4)
(4699,1.0470069929669521E-4)
(6703,4.086705694684288E-5)
(7219,1.0470069929669521E-4)
(6659,1.0470069929669521E-4)
(43,1.0470069929669521E-4)
(2567,1.0470069929669521E-4)
(7795,1.0470069929669521E-4)
(7091,1.0470069929669521E-4)
(2039,1.0470069929669521E-4)
(2099,1.0470069929669521E-4)
(4379,1.0470069929669521E-4)
(3091,1.0470069929669521E-4)
(1131,1.0470069929669521E-4)
(3895,1.0470069929669521E-4)
(4279,1.0470069929669521E-4)
(2711,1.0470069929669521E-4)
(4827,1.0470069929669521E-4)
(6791,1.0470069929669521E-4)
(995,1.0470069929669521E-4)
(1115,1.0470069929669521E-4)
(9915,1.0470069929669521E-4)
(9719,1.0470069929669521E-4)
(5391,1.0470069929669521E-4)
(5723,1.0470069929669521E-4)
(1043,1.0470069929669521E-4)
(4323,1.0470069929669521E-4)
(9939,1.0470069929669521E-4)
(7471,1.0470069929669521E-4)
(6247,1.0470069929669521E-4)
(3815,1.0470069929669521E-4)
(4875,1.0470069929669521E-4)
(5627,1.0470069929669521E-4)
(4979,1.0470069929669521E-4)
(7851,1.0470069929669521E-4)
(1835,1.0470069929669521E-4)
(2287,1.0470069929669521E-4)
(5503,4.086705694684288E-5)
(6379,1.0470069929669521E-4)
(19,1.0470069929669521E-4)
(6915,1.0470069929669521E-4)
(6559,1.0470069929669521E-4)
(7391,1.0470069929669521E-4)
(7055,1.0470069929669521E-4)
(2647,1.0470069929669521E-4)
(5127,1.0470069929669521E-4)
(9119,1.0470069929669521E-4)
(8855,1.0470069929669521E-4)
(5395,1.0470069929669521E-4)
(9439,1.0470069929669521E-4)
(1211,1.0470069929669521E-4)
(5287,1.0470069929669521E-4)
(3047,1.0470069929669521E-4)
(4695,1.0470069929669521E-4)
(9775,1.0470069929669521E-4)
(1339,1.0470069929669521E-4)
(3843,1.0470069929669521E-4)
(6635,1.0470069929669521E-4)
(7095,1.0470069929669521E-4)
(8099,1.0470069929669521E-4)
(8155,1.0470069929669521E-4)
(6219,1.0470069929669521E-4)
(8695,1.0470069929669521E-4)
(2695,1.0470069929669521E-4)
(3271,1.0470069929669521E-4)
(63,1.0470069929669521E-4)
(6203,4.086705694684288E-5)
(4811,1.0470069929669521E-4)
(203,4.086705694684288E-5)
(7499,1.0470069929669521E-4)
(859,1.0470069929669521E-4)
(9875,1.0470069929669521E-4)
(5323,1.0470069929669521E-4)
(7607,7.193573524791715E-5)
(6043,1.0470069929669521E-4)
(2443,1.0470069929669521E-4)
(2823,1.0470069929669521E-4)
(4151,1.0470069929669521E-4)
(8059,1.0470069929669521E-4)
(5447,1.0470069929669521E-4)
(9051,1.0470069929669521E-4)
(2063,1.0470069929669521E-4)
(8387,1.0470069929669521E-4)
(2595,1.0470069929669521E-4)
(2419,1.0470069929669521E-4)
(7895,1.0470069929669521E-4)
(3723,1.0470069929669521E-4)
(1839,1.0470069929669521E-4)
(1631,1.0470069929669521E-4)
(5303,4.086705694684288E-5)
(7427,1.0470069929669521E-4)
(3711,1.0470069929669521E-4)
(8807,7.193573524791715E-5)
(1779,1.0470069929669521E-4)
(8215,1.0470069929669521E-4)
(7699,1.0470069929669521E-4)
(7211,1.0470069929669521E-4)
(5511,1.0470069929669521E-4)
(9583,1.0470069929669521E-4)
(5327,1.0470069929669521E-4)
(4967,1.0470069929669521E-4)
(5607,7.193573524791715E-5)
(4583,1.0470069929669521E-4)
(7359,1.0470069929669521E-4)
(9271,1.0470069929669521E-4)
(4527,1.0470069929669521E-4)
(1439,1.0470069929669521E-4)
(5475,1.0470069929669521E-4)
(3939,1.0470069929669521E-4)
(5575,1.0470069929669521E-4)
(5495,1.0470069929669521E-4)
(6795,1.0470069929669521E-4)
(7611,1.0470069929669521E-4)
(2955,1.0470069929669521E-4)
(6295,1.0470069929669521E-4)
(6507,7.193573524791715E-5)
(6863,1.0470069929669521E-4)
(8191,1.0470069929669521E-4)
(9827,1.0470069929669521E-4)
(6123,1.0470069929669521E-4)
(6347,1.0470069929669521E-4)
(7415,1.0470069929669521E-4)
(1519,1.0470069929669521E-4)
(9467,1.0470069929669521E-4)
(8995,1.0470069929669521E-4)
(4515,1.0470069929669521E-4)
(3915,1.0470069929669521E-4)
(4331,1.0470069929669521E-4)
(1847,1.0470069929669521E-4)
(2399,1.0470069929669521E-4)
(2639,1.0470069929669521E-4)
(9087,1.0470069929669521E-4)
(3247,1.0470069929669521E-4)
(5739,1.0470069929669521E-4)
(4907,7.193573524791715E-5)
(551,1.0470069929669521E-4)
(8927,1.0470069929669521E-4)
(4143,1.0470069929669521E-4)
(191,1.0470069929669521E-4)
(3615,1.0470069929669521E-4)
(4795,1.0470069929669521E-4)
(9203,4.086705694684288E-5)
(9779,1.0470069929669521E-4)
(5411,1.0470069929669521E-4)
(5267,1.0470069929669521E-4)
(6427,1.0470069929669521E-4)
(4895,1.0470069929669521E-4)
(1763,1.0470069929669521E-4)
(5783,1.0470069929669521E-4)
(7543,1.0470069929669521E-4)
(463,1.0470069929669521E-4)
(1295,1.0470069929669521E-4)
(6019,1.0470069929669521E-4)
(8575,1.0470069929669521E-4)
(2267,1.0470069929669521E-4)
(7279,1.0470069929669521E-4)
(5651,1.0470069929669521E-4)
(5415,1.0470069929669521E-4)
(6299,1.0470069929669521E-4)
(7635,1.0470069929669521E-4)
(8415,1.0470069929669521E-4)
(2223,1.0470069929669521E-4)
(6055,1.0470069929669521E-4)
(8271,1.0470069929669521E-4)
(7131,1.0470069929669521E-4)
(5887,1.0470069929669521E-4)
(2799,1.0470069929669521E-4)
(3987,1.0470069929669521E-4)
(115,1.0470069929669521E-4)
(8183,1.0470069929669521E-4)
(4199,1.0470069929669521E-4)
(7199,1.0470069929669521E-4)
(1599,1.0470069929669521E-4)
(8779,1.0470069929669521E-4)
(5219,1.0470069929669521E-4)
(8355,1.0470069929669521E-4)
(2547,1.0470069929669521E-4)
(7363,1.0470069929669521E-4)
(6643,1.0470069929669521E-4)
(4227,1.0470069929669521E-4)
(8591,1.0470069929669521E-4)
(823,1.0470069929669521E-4)
(4503,4.086705694684288E-5)
(8067,1.0470069929669521E-4)
(5051,1.0470069929669521E-4)
(9367,1.0470069929669521E-4)
(7567,1.0470069929669521E-4)
(4923,1.0470069929669521E-4)
(9283,1.0470069929669521E-4)
(9131,1.0470069929669521E-4)
(9059,1.0470069929669521E-4)
(8823,1.0470069929669521E-4)
(8435,1.0470069929669521E-4)
(2775,1.0470069929669521E-4)
(2535,1.0470069929669521E-4)
(9455,1.0470069929669521E-4)
(4943,1.0470069929669521E-4)
(6467,1.0470069929669521E-4)
(7335,1.0470069929669521E-4)
(7859,1.0470069929669521E-4)
(8991,1.0470069929669521E-4)
(1247,1.0470069929669521E-4)
(955,1.0470069929669521E-4)
(2355,1.0470069929669521E-4)
(8655,1.0470069929669521E-4)
(9259,1.0470069929669521E-4)
(7555,1.0470069929669521E-4)
(9671,1.0470069929669521E-4)
(4707,7.193573524791715E-5)
(1067,1.0470069929669521E-4)
(1179,1.0470069929669521E-4)
(4631,1.0470069929669521E-4)
(6575,1.0470069929669521E-4)
(2075,1.0470069929669521E-4)
(3959,1.0470069929669521E-4)
(8471,1.0470069929669521E-4)
(4035,1.0470069929669521E-4)
(9323,1.0470069929669521E-4)
(3075,1.0470069929669521E-4)
(3851,1.0470069929669521E-4)
(7551,1.0470069929669521E-4)
(6403,4.086705694684288E-5)
(8971,1.0470069929669521E-4)
(9803,4.086705694684288E-5)
(1451,1.0470069929669521E-4)
(9415,1.0470069929669521E-4)
(4307,7.193573524791715E-5)
(4963,1.0470069929669521E-4)
(6023,1.0470069929669521E-4)
(3607,7.193573524791715E-5)
(5367,1.0470069929669521E-4)
(611,1.0470069929669521E-4)
(5547,1.0470069929669521E-4)
(5771,1.0470069929669521E-4)
(1403,4.086705694684288E-5)
(5639,1.0470069929669521E-4)
(2951,1.0470069929669521E-4)
(6443,1.0470069929669521E-4)
(7939,1.0470069929669521E-4)
(9263,1.0470069929669521E-4)
(8187,1.0470069929669521E-4)
(2211,1.0470069929669521E-4)
(1083,1.0470069929669521E-4)
(9955,1.0470069929669521E-4)
(887,1.0470069929669521E-4)
(9015,1.0470069929669521E-4)
(1963,1.0470069929669521E-4)
(3059,1.0470069929669521E-4)
(9111,1.0470069929669521E-4)
(5803,4.086705694684288E-5)
(9031,1.0470069929669521E-4)
(9759,1.0470069929669521E-4)
(4883,1.0470069929669521E-4)
(1895,1.0470069929669521E-4)
(4003,4.086705694684288E-5)
(8759,1.0470069929669521E-4)
(1283,1.0470069929669521E-4)
(1667,1.0470069929669521E-4)
(2719,1.0470069929669521E-4)
(4375,1.0470069929669521E-4)
(395,1.0470069929669521E-4)
(6115,1.0470069929669521E-4)
(2431,1.0470069929669521E-4)
(3307,7.193573524791715E-5)
(1675,1.0470069929669521E-4)
(9963,1.0470069929669521E-4)
(947,1.0470069929669521E-4)
(2603,4.086705694684288E-5)
(7511,1.0470069929669521E-4)
(503,4.086705694684288E-5)
(4195,1.0470069929669521E-4)
(1119,1.0470069929669521E-4)
(8983,1.0470069929669521E-4)
(9147,1.0470069929669521E-4)
(2815,1.0470069929669521E-4)
(3159,1.0470069929669521E-4)
(5239,1.0470069929669521E-4)
(9539,1.0470069929669521E-4)
(6339,1.0470069929669521E-4)
(9999,1.0470069929669521E-4)
(67,1.0470069929669521E-4)
(8103,4.086705694684288E-5)
(811,1.0470069929669521E-4)
(9419,1.0470069929669521E-4)
(3295,1.0470069929669521E-4)
(7535,1.0470069929669521E-4)
(2783,1.0470069929669521E-4)
(4835,1.0470069929669521E-4)
(4087,1.0470069929669521E-4)
(619,1.0470069929669521E-4)
(2087,1.0470069929669521E-4)
(9635,1.0470069929669521E-4)
(1719,1.0470069929669521E-4)
(3763,1.0470069929669521E-4)
(323,1.0470069929669521E-4)
(55,1.0470069929669521E-4)
(5059,1.0470069929669521E-4)
(9055,1.0470069929669521E-4)
(6611,1.0470069929669521E-4)
(107,7.193573524791715E-5)
(5983,1.0470069929669521E-4)
(6731,1.0470069929669521E-4)
(1647,1.0470069929669521E-4)
(6647,1.0470069929669521E-4)
(5191,1.0470069929669521E-4)
(8999,1.0470069929669521E-4)
(3227,1.0470069929669521E-4)
(5315,1.0470069929669521E-4)
(1275,1.0470069929669521E-4)
(4955,1.0470069929669521E-4)
(2983,1.0470069929669521E-4)
(6091,1.0470069929669521E-4)
(9207,7.193573524791715E-5)
(5799,1.0470069929669521E-4)
(6195,1.0470069929669521E-4)
(8283,1.0470069929669521E-4)
(183,1.0470069929669521E-4)
(8687,1.0470069929669521E-4)
(4651,1.0470069929669521E-4)
(8895,1.0470069929669521E-4)
(9459,1.0470069929669521E-4)
(4335,1.0470069929669521E-4)
(1391,1.0470069929669521E-4)
(8367,1.0470069929669521E-4)
(8311,1.0470069929669521E-4)
(7731,1.0470069929669521E-4)
(3699,1.0470069929669521E-4)
(2395,1.0470069929669521E-4)
(3431,1.0470069929669521E-4)
(47,1.0470069929669521E-4)
(6327,1.0470069929669521E-4)
(2543,1.0470069929669521E-4)
(7883,1.0470069929669521E-4)
(3299,1.0470069929669521E-4)
(7171,1.0470069929669521E-4)
(1103,4.086705694684288E-5)
(4487,1.0470069929669521E-4)
(207,7.193573524791715E-5)
(9395,1.0470069929669521E-4)
(3503,4.086705694684288E-5)
(2003,4.086705694684288E-5)
(739,1.0470069929669521E-4)
(8267,1.0470069929669521E-4)
(7159,1.0470069929669521E-4)
(8379,1.0470069929669521E-4)
(991,1.0470069929669521E-4)
(9815,1.0470069929669521E-4)
(6171,1.0470069929669521E-4)
(9383,1.0470069929669521E-4)
(3203,4.086705694684288E-5)
(4719,1.0470069929669521E-4)
(5847,1.0470069929669521E-4)
(8051,1.0470069929669521E-4)
(5203,4.086705694684288E-5)
(2967,1.0470069929669521E-4)
(6535,1.0470069929669521E-4)
(155,1.0470069929669521E-4)
(7147,1.0470069929669521E-4)
