(6761,1.0470069929669521E-4)
(4685,1.0470069929669521E-4)
(8357,1.0470069929669521E-4)
(7041,1.0470069929669521E-4)
(8565,1.0470069929669521E-4)
(3197,1.0470069929669521E-4)
(4733,1.0470069929669521E-4)
(1053,1.0470069929669521E-4)
(8401,1.5888125735610845E-5)
(6573,1.0470069929669521E-4)
(7785,1.0470069929669521E-4)
(2493,1.0470069929669521E-4)
(8077,1.0470069929669521E-4)
(1325,1.0470069929669521E-4)
(5133,1.0470069929669521E-4)
(3517,1.0470069929669521E-4)
(5593,1.0470069929669521E-4)
(3877,1.0470069929669521E-4)
(7889,1.0470069929669521E-4)
(8405,5.890776462131795E-5)
(8577,1.0470069929669521E-4)
(9361,1.0470069929669521E-4)
(3809,8.134213026403417E-5)
(3973,1.0470069929669521E-4)
(7081,1.0470069929669521E-4)
(4233,1.0470069929669521E-4)
(8333,1.0470069929669521E-4)
(8121,1.0470069929669521E-4)
(1,1.5888125735610845E-5)
(5081,1.0470069929669521E-4)
(9913,1.0470069929669521E-4)
(7533,1.0470069929669521E-4)
(1813,1.0470069929669521E-4)
(9025,1.0470069929669521E-4)
(4401,1.5888125735610845E-5)
(7665,1.0470069929669521E-4)
(9829,1.0470069929669521E-4)
(1393,1.0470069929669521E-4)
(9029,1.0470069929669521E-4)
(6229,1.0470069929669521E-4)
(2021,1.0470069929669521E-4)
(3949,1.0470069929669521E-4)
(6097,1.0470069929669521E-4)
(2797,1.0470069929669521E-4)
(3165,1.0470069929669521E-4)
(6593,1.0470069929669521E-4)
(5893,1.0470069929669521E-4)
(2117,1.0470069929669521E-4)
(7297,1.0470069929669521E-4)
(6737,1.0470069929669521E-4)
(1717,1.0470069929669521E-4)
(8953,1.0470069929669521E-4)
(801,1.5888125735610845E-5)
(5713,1.0470069929669521E-4)
(5229,1.0470069929669521E-4)
(3449,1.0470069929669521E-4)
(8589,1.0470069929669521E-4)
(6121,1.0470069929669521E-4)
(6605,5.890776462131795E-5)
(7613,1.0470069929669521E-4)
(2541,1.0470069929669521E-4)
(4089,1.0470069929669521E-4)
(7397,1.0470069929669521E-4)
(7453,1.0470069929669521E-4)
(293,1.0470069929669521E-4)
(93,1.0470069929669521E-4)
(4657,1.0470069929669521E-4)
(5869,1.0470069929669521E-4)
(2325,1.0470069929669521E-4)
(7945,1.0470069929669521E-4)
(7845,1.0470069929669521E-4)
(3789,1.0470069929669521E-4)
(7757,1.0470069929669521E-4)
(8505,5.890776462131795E-5)
(5653,1.0470069929669521E-4)
(7409,8.134213026403417E-5)
(6693,1.0470069929669521E-4)
(6613,1.0470069929669521E-4)
(453,1.0470069929669521E-4)
(7425,1.0470069929669521E-4)
(7321,1.0470069929669521E-4)
(8929,1.0470069929669521E-4)
(9357,1.0470069929669521E-4)
(4225,1.0470069929669521E-4)
(8089,1.0470069929669521E-4)
(9177,1.0470069929669521E-4)
(4425,1.0470069929669521E-4)
(4481,1.0470069929669521E-4)
(6261,1.0470069929669521E-4)
(1377,1.0470069929669521E-4)
(1005,5.890776462131795E-5)
(3161,1.0470069929669521E-4)
(7165,1.0470069929669521E-4)
(7213,1.0470069929669521E-4)
(7189,1.0470069929669521E-4)
(1297,1.0470069929669521E-4)
(5181,1.0470069929669521E-4)
(8997,1.0470069929669521E-4)
(2721,1.0470069929669521E-4)
(3513,1.0470069929669521E-4)
(8725,1.0470069929669521E-4)
(2657,1.0470069929669521E-4)
(4577,1.0470069929669521E-4)
(7581,1.0470069929669521E-4)
(9081,1.0470069929669521E-4)
(2909,8.134213026403417E-5)
(541,1.0470069929669521E-4)
(1749,1.0470069929669521E-4)
(7833,1.0470069929669521E-4)
(741,1.0470069929669521E-4)
(8757,1.0470069929669521E-4)
(5601,1.5888125735610845E-5)
(7553,1.0470069929669521E-4)
(5385,1.0470069929669521E-4)
(1017,1.0470069929669521E-4)
(3109,8.134213026403417E-5)
(8989,1.0470069929669521E-4)
(5889,1.0470069929669521E-4)
(9305,5.890776462131795E-5)
(4853,1.0470069929669521E-4)
(9413,1.0470069929669521E-4)
(6457,1.0470069929669521E-4)
(7313,1.0470069929669521E-4)
(5877,1.0470069929669521E-4)
(7329,1.0470069929669521E-4)
(9549,1.0470069929669521E-4)
(1289,1.0470069929669521E-4)
(3169,1.0470069929669521E-4)
(1225,1.0470069929669521E-4)
(5273,1.0470069929669521E-4)
(9921,1.0470069929669521E-4)
(1641,1.0470069929669521E-4)
(6833,1.0470069929669521E-4)
(8049,1.0470069929669521E-4)
(2133,1.0470069929669521E-4)
(8945,1.0470069929669521E-4)
(8905,5.890776462131795E-5)
(8325,1.0470069929669521E-4)
(4037,1.0470069929669521E-4)
(3901,1.5888125735610845E-5)
(9961,1.0470069929669521E-4)
(3457,1.0470069929669521E-4)
(1977,1.0470069929669521E-4)
(2293,1.0470069929669521E-4)
(4817,1.0470069929669521E-4)
(5329,1.0470069929669521E-4)
(9553,1.0470069929669521E-4)
(961,1.0470069929669521E-4)
(9005,5.890776462131795E-5)
(4829,1.0470069929669521E-4)
(8425,1.0470069929669521E-4)
(1405,5.890776462131795E-5)
(5725,1.0470069929669521E-4)
(9089,1.0470069929669521E-4)
(5721,1.0470069929669521E-4)
(9289,1.0470069929669521E-4)
(6881,1.0470069929669521E-4)
(2961,1.0470069929669521E-4)
(6865,1.0470069929669521E-4)
(2205,5.890776462131795E-5)
(6749,1.0470069929669521E-4)
(2669,1.0470069929669521E-4)
(7693,1.0470069929669521E-4)
(8217,1.0470069929669521E-4)
(417,1.0470069929669521E-4)
(1373,1.0470069929669521E-4)
(6149,1.0470069929669521E-4)
(8285,1.0470069929669521E-4)
(4661,1.0470069929669521E-4)
(3957,1.0470069929669521E-4)
(8353,1.0470069929669521E-4)
(685,1.0470069929669521E-4)
(8189,1.0470069929669521E-4)
(1565,1.0470069929669521E-4)
(8537,1.0470069929669521E-4)
(3293,1.0470069929669521E-4)
(3737,1.0470069929669521E-4)
(8409,8.134213026403417E-5)
(3497,1.0470069929669521E-4)
(4901,1.5888125735610845E-5)
(8041,1.0470069929669521E-4)
(4749,1.0470069929669521E-4)
(8969,1.0470069929669521E-4)
(269,1.0470069929669521E-4)
(1013,1.0470069929669521E-4)
(5533,1.0470069929669521E-4)
(2017,1.0470069929669521E-4)
(9309,8.134213026403417E-5)
(5129,1.0470069929669521E-4)
(6337,1.0470069929669521E-4)
(8433,1.0470069929669521E-4)
(4173,1.0470069929669521E-4)
(4381,1.0470069929669521E-4)
(2613,1.0470069929669521E-4)
(9301,1.5888125735610845E-5)
(3061,1.0470069929669521E-4)
(2837,1.0470069929669521E-4)
(3045,1.0470069929669521E-4)
(2581,1.0470069929669521E-4)
(1157,1.0470069929669521E-4)
(9457,1.0470069929669521E-4)
(8901,1.5888125735610845E-5)
(2281,1.0470069929669521E-4)
(6541,1.0470069929669521E-4)
(1369,1.0470069929669521E-4)
(601,1.5888125735610845E-5)
(2653,1.0470069929669521E-4)
(393,1.0470069929669521E-4)
(2361,1.0470069929669521E-4)
(5161,1.0470069929669521E-4)
(8473,1.0470069929669521E-4)
(8365,1.0470069929669521E-4)
(1109,8.134213026403417E-5)
(7521,1.0470069929669521E-4)
(4625,1.0470069929669521E-4)
(8861,1.0470069929669521E-4)
(7801,1.5888125735610845E-5)
(6233,1.0470069929669521E-4)
(7573,1.0470069929669521E-4)
(5781,1.0470069929669521E-4)
(6321,1.0470069929669521E-4)
(6837,1.0470069929669521E-4)
(5553,1.0470069929669521E-4)
(6905,5.890776462131795E-5)
(4061,1.0470069929669521E-4)
(4369,1.0470069929669521E-4)
(197,1.0470069929669521E-4)
(4477,1.0470069929669521E-4)
(177,1.0470069929669521E-4)
(2985,1.0470069929669521E-4)
(4253,1.0470069929669521E-4)
(4725,1.0470069929669521E-4)
(3653,1.0470069929669521E-4)
(7273,1.0470069929669521E-4)
(8037,1.0470069929669521E-4)
(4925,1.0470069929669521E-4)
(6969,1.0470069929669521E-4)
(9869,1.0470069929669521E-4)
(9941,1.0470069929669521E-4)
(4913,1.0470069929669521E-4)
(2641,1.0470069929669521E-4)
(4525,1.0470069929669521E-4)
(9237,1.0470069929669521E-4)
(1481,1.0470069929669521E-4)
(4025,1.0470069929669521E-4)
(3533,1.0470069929669521E-4)
(4641,1.0470069929669521E-4)
(1413,1.0470069929669521E-4)
(7645,1.0470069929669521E-4)
(6889,1.0470069929669521E-4)
(3569,1.0470069929669521E-4)
(5497,1.0470069929669521E-4)
(5341,1.0470069929669521E-4)
(4585,1.0470069929669521E-4)
(6945,1.0470069929669521E-4)
(4153,1.0470069929669521E-4)
(2917,1.0470069929669521E-4)
(3997,1.0470069929669521E-4)
(7677,1.0470069929669521E-4)
(2829,1.0470069929669521E-4)
(4449,1.0470069929669521E-4)
(305,5.890776462131795E-5)
(8169,1.0470069929669521E-4)
(5065,1.0470069929669521E-4)
(1417,1.0470069929669521E-4)
(173,1.0470069929669521E-4)
(821,1.0470069929669521E-4)
(1181,1.0470069929669521E-4)
(3541,1.0470069929669521E-4)
(8857,1.0470069929669521E-4)
(5073,1.0470069929669521E-4)
(7537,1.0470069929669521E-4)
(9777,1.0470069929669521E-4)
(9957,1.0470069929669521E-4)
(7229,1.0470069929669521E-4)
(4541,1.0470069929669521E-4)
(6409,8.134213026403417E-5)
(4909,8.134213026403417E-5)
(4637,1.0470069929669521E-4)
(7849,1.0470069929669521E-4)
(3133,1.0470069929669521E-4)
(4289,1.0470069929669521E-4)
(5017,1.0470069929669521E-4)
(6245,1.0470069929669521E-4)
(1981,1.0470069929669521E-4)
(8517,1.0470069929669521E-4)
(857,1.0470069929669521E-4)
(3529,1.0470069929669521E-4)
(4305,5.890776462131795E-5)
(6349,1.0470069929669521E-4)
(7281,1.0470069929669521E-4)
(9533,1.0470069929669521E-4)
(1133,1.0470069929669521E-4)
(2513,1.0470069929669521E-4)
(5249,1.0470069929669521E-4)
(117,1.0470069929669521E-4)
(6241,1.0470069929669521E-4)
(2297,1.0470069929669521E-4)
(9561,1.0470069929669521E-4)
(7421,1.0470069929669521E-4)
(2661,1.0470069929669521E-4)
(245,1.0470069929669521E-4)
(9529,1.0470069929669521E-4)
(3337,1.0470069929669521E-4)
(1205,5.890776462131795E-5)
(3685,1.0470069929669521E-4)
(7841,1.0470069929669521E-4)
(3073,1.0470069929669521E-4)
(9569,1.0470069929669521E-4)
(3713,1.0470069929669521E-4)
(5565,1.0470069929669521E-4)
(5517,1.0470069929669521E-4)
(1117,1.0470069929669521E-4)
(2321,1.0470069929669521E-4)
(4905,5.890776462131795E-5)
(2497,1.0470069929669521E-4)
(573,1.0470069929669521E-4)
(4005,5.890776462131795E-5)
(209,8.134213026403417E-5)
(517,1.0470069929669521E-4)
(129,1.0470069929669521E-4)
(5401,1.5888125735610845E-5)
(4697,1.0470069929669521E-4)
(3853,1.0470069929669521E-4)
(5957,1.0470069929669521E-4)
(2801,1.5888125735610845E-5)
(4949,1.0470069929669521E-4)
(1545,1.0470069929669521E-4)
(1933,1.0470069929669521E-4)
(3549,1.0470069929669521E-4)
(4729,1.0470069929669521E-4)
(4285,1.0470069929669521E-4)
(5325,1.0470069929669521E-4)
(6369,1.0470069929669521E-4)
(4705,5.890776462131795E-5)
(3137,1.0470069929669521E-4)
(2005,5.890776462131795E-5)
(4973,1.0470069929669521E-4)
(9641,1.0470069929669521E-4)
(2121,1.0470069929669521E-4)
(6205,5.890776462131795E-5)
(5753,1.0470069929669521E-4)
(6909,8.134213026403417E-5)
(9781,1.0470069929669521E-4)
(8209,8.134213026403417E-5)
(2629,1.0470069929669521E-4)
(5217,1.0470069929669521E-4)
(6061,1.0470069929669521E-4)
(5805,5.890776462131795E-5)
(981,1.0470069929669521E-4)
(4085,1.0470069929669521E-4)
(7501,1.5888125735610845E-5)
(9481,1.0470069929669521E-4)
(977,1.0470069929669521E-4)
(6893,1.0470069929669521E-4)
(4097,1.0470069929669521E-4)
(8497,1.0470069929669521E-4)
(9977,1.0470069929669521E-4)
(1769,1.0470069929669521E-4)
(2893,1.0470069929669521E-4)
(217,1.0470069929669521E-4)
(4597,1.0470069929669521E-4)
(3029,1.0470069929669521E-4)
(7461,1.0470069929669521E-4)
(1865,1.0470069929669521E-4)
(5961,1.0470069929669521E-4)
(9121,1.0470069929669521E-4)
(7485,1.0470069929669521E-4)
(1809,8.134213026403417E-5)
(2425,1.0470069929669521E-4)
(3357,1.0470069929669521E-4)
(533,1.0470069929669521E-4)
(6869,1.0470069929669521E-4)
(8289,1.0470069929669521E-4)
(4161,1.0470069929669521E-4)
(8841,1.0470069929669521E-4)
(2697,1.0470069929669521E-4)
(6301,1.5888125735610845E-5)
(4205,5.890776462131795E-5)
(7393,1.0470069929669521E-4)
(7009,8.134213026403417E-5)
(1265,1.0470069929669521E-4)
(2053,1.0470069929669521E-4)
(8609,8.134213026403417E-5)
(8321,1.0470069929669521E-4)
(5657,1.0470069929669521E-4)
(6425,1.0470069929669521E-4)
(1681,1.0470069929669521E-4)
(897,1.0470069929669521E-4)
(4125,1.0470069929669521E-4)
(4165,1.0470069929669521E-4)
(165,1.0470069929669521E-4)
(2749,1.0470069929669521E-4)
(1365,1.0470069929669521E-4)
(2717,1.0470069929669521E-4)
(4821,1.0470069929669521E-4)
(3793,1.0470069929669521E-4)
(6861,1.0470069929669521E-4)
(6005,5.890776462131795E-5)
(9613,1.0470069929669521E-4)
(6249,1.0470069929669521E-4)
(4513,1.0470069929669521E-4)
(3857,1.0470069929669521E-4)
(8269,1.0470069929669521E-4)
(9673,1.0470069929669521E-4)
(9989,1.0470069929669521E-4)
(2561,1.0470069929669521E-4)
(2113,1.0470069929669521E-4)
(2245,1.0470069929669521E-4)
(2809,8.134213026403417E-5)
(633,1.0470069929669521E-4)
(3493,1.0470069929669521E-4)
(1573,1.0470069929669521E-4)
(4049,1.0470069929669521E-4)
(7629,1.0470069929669521E-4)
(3105,5.890776462131795E-5)
(9717,1.0470069929669521E-4)
(7349,1.0470069929669521E-4)
(3785,1.0470069929669521E-4)
(2689,1.0470069929669521E-4)
(5285,1.0470069929669521E-4)
(7481,1.0470069929669521E-4)
(2137,1.0470069929669521E-4)
(8485,1.0470069929669521E-4)
(5253,1.0470069929669521E-4)
(1293,1.0470069929669521E-4)
(5025,1.0470069929669521E-4)
(7789,1.0470069929669521E-4)
(3445,1.0470069929669521E-4)
(3345,1.0470069929669521E-4)
(8161,1.0470069929669521E-4)
(5421,1.0470069929669521E-4)
(7917,1.0470069929669521E-4)
(4217,1.0470069929669521E-4)
(8093,1.0470069929669521E-4)
(441,1.0470069929669521E-4)
(3873,1.0470069929669521E-4)
(401,1.5888125735610845E-5)
(9037,1.0470069929669521E-4)
(3885,1.0470069929669521E-4)
(3321,1.0470069929669521E-4)
(2185,1.0470069929669521E-4)
(9161,1.0470069929669521E-4)
(3013,1.0470069929669521E-4)
(8681,1.0470069929669521E-4)
(5033,1.0470069929669521E-4)
(6781,1.0470069929669521E-4)
(6677,1.0470069929669521E-4)
(9053,1.0470069929669521E-4)
(2673,1.0470069929669521E-4)
(8889,1.0470069929669521E-4)
(2701,1.5888125735610845E-5)
(2481,1.0470069929669521E-4)
(2885,1.0470069929669521E-4)
(8825,1.0470069929669521E-4)
(2889,1.0470069929669521E-4)
(6965,1.0470069929669521E-4)
(4613,1.0470069929669521E-4)
(1569,1.0470069929669521E-4)
(1209,8.134213026403417E-5)
(5857,1.0470069929669521E-4)
(3921,1.0470069929669521E-4)
(461,1.0470069929669521E-4)
(9349,1.0470069929669521E-4)
(6401,1.5888125735610845E-5)
(2537,1.0470069929669521E-4)
(805,5.890776462131795E-5)
(8185,1.0470069929669521E-4)
(3717,1.0470069929669521E-4)
(3257,1.0470069929669521E-4)
(817,1.0470069929669521E-4)
(5333,1.0470069929669521E-4)
(1821,1.0470069929669521E-4)
(5153,1.0470069929669521E-4)
(8657,1.0470069929669521E-4)
(6057,1.0470069929669521E-4)
(5213,1.0470069929669521E-4)
(5021,1.0470069929669521E-4)
(2161,1.0470069929669521E-4)
(1253,1.0470069929669521E-4)
(3317,1.0470069929669521E-4)
(3053,1.0470069929669521E-4)
(6929,1.0470069929669521E-4)
(1473,1.0470069929669521E-4)
(5445,1.0470069929669521E-4)
(6689,1.0470069929669521E-4)
(913,1.0470069929669521E-4)
(4677,1.0470069929669521E-4)
(4341,1.0470069929669521E-4)
(8677,1.0470069929669521E-4)
(497,1.0470069929669521E-4)
(9165,1.0470069929669521E-4)
(6237,1.0470069929669521E-4)
(6621,1.0470069929669521E-4)
(5809,8.134213026403417E-5)
(9193,1.0470069929669521E-4)
(1785,1.0470069929669521E-4)
(6617,1.0470069929669521E-4)
(1141,1.0470069929669521E-4)
(5117,1.0470069929669521E-4)
(969,1.0470069929669521E-4)
(4421,1.0470069929669521E-4)
(1389,1.0470069929669521E-4)
(6045,1.0470069929669521E-4)
(9253,1.0470069929669521E-4)
(7285,1.0470069929669521E-4)
(145,1.0470069929669521E-4)
(1549,1.0470069929669521E-4)
(2149,1.0470069929669521E-4)
(8713,1.0470069929669521E-4)
(3481,1.0470069929669521E-4)
(9041,1.0470069929669521E-4)
(6177,1.0470069929669521E-4)
(7709,8.134213026403417E-5)
(4521,1.0470069929669521E-4)
(9185,1.0470069929669521E-4)
(9905,5.890776462131795E-5)
(8381,1.0470069929669521E-4)
(4569,1.0470069929669521E-4)
(709,8.134213026403417E-5)
(6145,1.0470069929669521E-4)
(7133,1.0470069929669521E-4)
(25,1.0470069929669521E-4)
(2449,1.0470069929669521E-4)
(2789,1.0470069929669521E-4)
(7005,5.890776462131795E-5)
(5233,1.0470069929669521E-4)
(1153,1.0470069929669521E-4)
(7837,1.0470069929669521E-4)
(5837,1.0470069929669521E-4)
(7253,1.0470069929669521E-4)
(833,1.0470069929669521E-4)
(6713,1.0470069929669521E-4)
(7245,1.0470069929669521E-4)
(7673,1.0470069929669521E-4)
(5993,1.0470069929669521E-4)
(8689,1.0470069929669521E-4)
(8469,1.0470069929669521E-4)
(3077,1.0470069929669521E-4)
(993,1.0470069929669521E-4)
(1381,1.0470069929669521E-4)
(8417,1.0470069929669521E-4)
(3121,1.0470069929669521E-4)
(6545,1.0470069929669521E-4)
(1713,1.0470069929669521E-4)
(8393,1.0470069929669521E-4)
(4105,5.890776462131795E-5)
(8853,1.0470069929669521E-4)
(9153,1.0470069929669521E-4)
(2533,1.0470069929669521E-4)
(4777,1.0470069929669521E-4)
(2301,1.5888125735610845E-5)
(349,1.0470069929669521E-4)
(6897,1.0470069929669521E-4)
(8893,1.0470069929669521E-4)
(8977,1.0470069929669521E-4)
(6429,1.0470069929669521E-4)
(8573,1.0470069929669521E-4)
(549,1.0470069929669521E-4)
(5693,1.0470069929669521E-4)
(4765,1.0470069929669521E-4)
(4721,1.0470069929669521E-4)
(9241,1.0470069929669521E-4)
(3573,1.0470069929669521E-4)
(4309,8.134213026403417E-5)
(445,1.0470069929669521E-4)
(45,1.0470069929669521E-4)
(3797,1.0470069929669521E-4)
(9229,1.0470069929669521E-4)
(7157,1.0470069929669521E-4)
(9681,1.0470069929669521E-4)
(3841,1.0470069929669521E-4)
(9741,1.0470069929669521E-4)
(4649,1.0470069929669521E-4)
(1457,1.0470069929669521E-4)
(1953,1.0470069929669521E-4)
(7877,1.0470069929669521E-4)
(5665,1.0470069929669521E-4)
(9889,1.0470069929669521E-4)
(2417,1.0470069929669521E-4)
(2557,1.0470069929669521E-4)
(4365,1.0470069929669521E-4)
(5241,1.0470069929669521E-4)
(853,1.0470069929669521E-4)
(6477,1.0470069929669521E-4)
(6773,1.0470069929669521E-4)
(9541,1.0470069929669521E-4)
(9645,1.0470069929669521E-4)
(1781,1.0470069929669521E-4)
(2509,8.134213026403417E-5)
(5469,1.0470069929669521E-4)
(7149,1.0470069929669521E-4)
(5757,1.0470069929669521E-4)
(281,1.0470069929669521E-4)
(753,1.0470069929669521E-4)
(8117,1.0470069929669521E-4)
(2329,1.0470069929669521E-4)
(4257,1.0470069929669521E-4)
(8233,1.0470069929669521E-4)
(1861,1.0470069929669521E-4)
(9113,1.0470069929669521E-4)
(7117,1.0470069929669521E-4)
(1285,1.0470069929669521E-4)
(6977,1.0470069929669521E-4)
(7173,1.0470069929669521E-4)
(1521,1.0470069929669521E-4)
(9633,1.0470069929669521E-4)
(3933,1.0470069929669521E-4)
(4349,1.0470069929669521E-4)
(2453,1.0470069929669521E-4)
(6581,1.0470069929669521E-4)
(1841,1.0470069929669521E-4)
(1301,1.5888125735610845E-5)
(6877,1.0470069929669521E-4)
(9825,1.0470069929669521E-4)
(2941,1.0470069929669521E-4)
(8645,1.0470069929669521E-4)
(1201,1.5888125735610845E-5)
(3405,5.890776462131795E-5)
(4885,1.0470069929669521E-4)
(493,1.0470069929669521E-4)
(1517,1.0470069929669521E-4)
(1637,1.0470069929669521E-4)
(1753,1.0470069929669521E-4)
(4573,1.0470069929669521E-4)
(8849,1.0470069929669521E-4)
(5897,1.0470069929669521E-4)
(5881,1.0470069929669521E-4)
(2901,1.5888125735610845E-5)
(7997,1.0470069929669521E-4)
(893,1.0470069929669521E-4)
(4977,1.0470069929669521E-4)
(7925,1.0470069929669521E-4)
(5197,1.0470069929669521E-4)
(8501,1.5888125735610845E-5)
(7053,1.0470069929669521E-4)
(2073,1.0470069929669521E-4)
(1701,1.5888125735610845E-5)
(3209,8.134213026403417E-5)
(5905,5.890776462131795E-5)
(373,1.0470069929669521E-4)
(369,1.0470069929669521E-4)
(6825,1.0470069929669521E-4)
(9201,1.5888125735610845E-5)
(3837,1.0470069929669521E-4)
(4145,1.0470069929669521E-4)
(4645,1.0470069929669521E-4)
(6181,1.0470069929669521E-4)
(9637,1.0470069929669521E-4)
(3325,1.0470069929669521E-4)
(8769,1.0470069929669521E-4)
(5581,1.0470069929669521E-4)
(8533,1.0470069929669521E-4)
(1501,1.5888125735610845E-5)
(6505,5.890776462131795E-5)
(4457,1.0470069929669521E-4)
(5605,5.890776462131795E-5)
(9197,1.0470069929669521E-4)
(5429,1.0470069929669521E-4)
(1957,1.0470069929669521E-4)
(3753,1.0470069929669521E-4)
(2785,1.0470069929669521E-4)
(6793,1.0470069929669521E-4)
(17,1.0470069929669521E-4)
(3577,1.0470069929669521E-4)
(5277,1.0470069929669521E-4)
(861,1.0470069929669521E-4)
(4801,1.5888125735610845E-5)
(4077,1.0470069929669521E-4)
(5453,1.0470069929669521E-4)
(5909,8.134213026403417E-5)
(6269,1.0470069929669521E-4)
(1989,1.0470069929669521E-4)
(3353,1.0470069929669521E-4)
(9133,1.0470069929669521E-4)
(8873,1.0470069929669521E-4)
(3893,1.0470069929669521E-4)
(5697,1.0470069929669521E-4)
(6649,1.0470069929669521E-4)
(1889,1.0470069929669521E-4)
(6717,1.0470069929669521E-4)
(6953,1.0470069929669521E-4)
(8913,1.0470069929669521E-4)
(77,1.0470069929669521E-4)
(5269,1.0470069929669521E-4)
(7369,1.0470069929669521E-4)
(8257,1.0470069929669521E-4)
(429,1.0470069929669521E-4)
(7301,1.5888125735610845E-5)
(3985,1.0470069929669521E-4)
(4509,8.134213026403417E-5)
(2693,1.0470069929669521E-4)
(7853,1.0470069929669521E-4)
(3693,1.0470069929669521E-4)
(3725,1.0470069929669521E-4)
(7697,1.0470069929669521E-4)
(4969,1.0470069929669521E-4)
(6397,1.0470069929669521E-4)
(5569,1.0470069929669521E-4)
(5509,8.134213026403417E-5)
(8949,1.0470069929669521E-4)
(5353,1.0470069929669521E-4)
(9445,1.0470069929669521E-4)
(3385,1.0470069929669521E-4)
(9997,1.0470069929669521E-4)
(1425,1.0470069929669521E-4)
(8017,1.0470069929669521E-4)
(6509,8.134213026403417E-5)
(9125,1.0470069929669521E-4)
(3981,1.0470069929669521E-4)
(8569,1.0470069929669521E-4)
(9409,8.134213026403417E-5)
(6265,1.0470069929669521E-4)
(701,1.5888125735610845E-5)
(7865,1.0470069929669521E-4)
(6637,1.0470069929669521E-4)
(8249,1.0470069929669521E-4)
(645,1.0470069929669521E-4)
(2857,1.0470069929669521E-4)
(4033,1.0470069929669521E-4)
(4809,8.134213026403417E-5)
(8377,1.0470069929669521E-4)
(8493,1.0470069929669521E-4)
(1801,1.5888125735610845E-5)
(6933,1.0470069929669521E-4)
(345,1.0470069929669521E-4)
(3341,1.0470069929669521E-4)
(1873,1.0470069929669521E-4)
(885,1.0470069929669521E-4)
(9345,1.0470069929669521E-4)
(2845,1.0470069929669521E-4)
(8909,8.134213026403417E-5)
(1477,1.0470069929669521E-4)
(6537,1.0470069929669521E-4)
(5225,1.0470069929669521E-4)
(1833,1.0470069929669521E-4)
(4889,1.0470069929669521E-4)
(4101,1.5888125735610845E-5)
(4557,1.0470069929669521E-4)
(1025,1.0470069929669521E-4)
(3593,1.0470069929669521E-4)
(6789,1.0470069929669521E-4)
(8749,1.0470069929669521E-4)
(3505,5.890776462131795E-5)
(4633,1.0470069929669521E-4)
(9845,1.0470069929669521E-4)
(6185,1.0470069929669521E-4)
(2009,8.134213026403417E-5)
(8641,1.0470069929669521E-4)
(7001,1.5888125735610845E-5)
(3705,5.890776462131795E-5)
(8445,1.0470069929669521E-4)
(1997,1.0470069929669521E-4)
(3665,1.0470069929669521E-4)
(849,1.0470069929669521E-4)
(3145,1.0470069929669521E-4)
(4517,1.0470069929669521E-4)
(1709,8.134213026403417E-5)
(8777,1.0470069929669521E-4)
(2781,1.0470069929669521E-4)
(7589,1.0470069929669521E-4)
(4857,1.0470069929669521E-4)
(6993,1.0470069929669521E-4)
(5689,1.0470069929669521E-4)
(5425,1.0470069929669521E-4)
(589,1.0470069929669521E-4)
(3429,1.0470069929669521E-4)
(1353,1.0470069929669521E-4)
(9397,1.0470069929669521E-4)
(469,1.0470069929669521E-4)
(1693,1.0470069929669521E-4)
(6193,1.0470069929669521E-4)
(4081,1.0470069929669521E-4)
(181,1.0470069929669521E-4)
(4789,1.0470069929669521E-4)
(8153,1.0470069929669521E-4)
(9009,8.134213026403417E-5)
(3821,1.0470069929669521E-4)
(3413,1.0470069929669521E-4)
(4241,1.0470069929669521E-4)
(1585,1.0470069929669521E-4)
(2025,1.0470069929669521E-4)
(3249,1.0470069929669521E-4)
(5321,1.0470069929669521E-4)
(8717,1.0470069929669521E-4)
(5785,1.0470069929669521E-4)
(3585,1.0470069929669521E-4)
(7769,1.0470069929669521E-4)
(4589,1.0470069929669521E-4)
(4429,1.0470069929669521E-4)
(8261,1.0470069929669521E-4)
(1037,1.0470069929669521E-4)
(3441,1.0470069929669521E-4)
(6373,1.0470069929669521E-4)
(9757,1.0470069929669521E-4)
(7993,1.0470069929669521E-4)
(3889,1.0470069929669521E-4)
(2197,1.0470069929669521E-4)
(6305,5.890776462131795E-5)
(4993,1.0470069929669521E-4)
(4293,1.0470069929669521E-4)
(5685,1.0470069929669521E-4)
(193,1.0470069929669521E-4)
(5709,8.134213026403417E-5)
(6817,1.0470069929669521E-4)
(2733,1.0470069929669521E-4)
(513,1.0470069929669521E-4)
(937,1.0470069929669521E-4)
(5737,1.0470069929669521E-4)
(6481,1.0470069929669521E-4)
(8993,1.0470069929669521E-4)
(2633,1.0470069929669521E-4)
(7057,1.0470069929669521E-4)
(5921,1.0470069929669521E-4)
(9385,1.0470069929669521E-4)
(2433,1.0470069929669521E-4)
(2441,1.0470069929669521E-4)
(3305,5.890776462131795E-5)
(2881,1.0470069929669521E-4)
(9537,1.0470069929669521E-4)
(6757,1.0470069929669521E-4)
(3185,1.0470069929669521E-4)
(449,1.0470069929669521E-4)
(4245,1.0470069929669521E-4)
(9745,1.0470069929669521E-4)
(6049,1.0470069929669521E-4)
(7661,1.0470069929669521E-4)
(5061,1.0470069929669521E-4)
(2109,8.134213026403417E-5)
(6669,1.0470069929669521E-4)
(9473,1.0470069929669521E-4)
(7073,1.0470069929669521E-4)
(9981,1.0470069929669521E-4)
(4389,1.0470069929669521E-4)
(9365,1.0470069929669521E-4)
(6277,1.0470069929669521E-4)
(8241,1.0470069929669521E-4)
(9249,1.0470069929669521E-4)
(773,1.0470069929669521E-4)
(7601,1.5888125735610845E-5)
(5765,1.0470069929669521E-4)
(7109,8.134213026403417E-5)
(3057,1.0470069929669521E-4)
(3021,1.0470069929669521E-4)
(2041,1.0470069929669521E-4)
(6925,1.0470069929669521E-4)
(4921,1.0470069929669521E-4)
(9461,1.0470069929669521E-4)
(5501,1.5888125735610845E-5)
(5113,1.0470069929669521E-4)
(1729,1.0470069929669521E-4)
(9033,1.0470069929669521E-4)
(53,1.0470069929669521E-4)
(3501,1.5888125735610845E-5)
(2257,1.0470069929669521E-4)
(3521,1.0470069929669521E-4)
(613,1.0470069929669521E-4)
(3553,1.0470069929669521E-4)
(1789,1.0470069929669521E-4)
(5173,1.0470069929669521E-4)
(4845,1.0470069929669521E-4)
(5853,1.0470069929669521E-4)
(8973,1.0470069929669521E-4)
(6017,1.0470069929669521E-4)
(7097,1.0470069929669521E-4)
(9333,1.0470069929669521E-4)
(3401,1.5888125735610845E-5)
(2429,1.0470069929669521E-4)
(5861,1.0470069929669521E-4)
(9557,1.0470069929669521E-4)
(6601,1.5888125735610845E-5)
(8045,1.0470069929669521E-4)
(8113,1.0470069929669521E-4)
(69,1.0470069929669521E-4)
(1081,1.0470069929669521E-4)
(8585,1.0470069929669521E-4)
(6125,1.0470069929669521E-4)
(7417,1.0470069929669521E-4)
(2265,1.0470069929669521E-4)
(1233,1.0470069929669521E-4)
(4881,1.0470069929669521E-4)
(4961,1.0470069929669521E-4)
(1653,1.0470069929669521E-4)
(4109,8.134213026403417E-5)
(5621,1.0470069929669521E-4)
(2637,1.0470069929669521E-4)
(5313,1.0470069929669521E-4)
(3629,1.0470069929669521E-4)
(3989,1.0470069929669521E-4)
(8605,5.890776462131795E-5)
(5209,8.134213026403417E-5)
(757,1.0470069929669521E-4)
(477,1.0470069929669521E-4)
(2001,1.5888125735610845E-5)
(8205,5.890776462131795E-5)
(1737,1.0470069929669521E-4)
(7813,1.0470069929669521E-4)
(1089,1.0470069929669521E-4)
(1121,1.0470069929669521E-4)
(6769,1.0470069929669521E-4)
(8729,1.0470069929669521E-4)
(653,1.0470069929669521E-4)
(925,1.0470069929669521E-4)
(2757,1.0470069929669521E-4)
(9497,1.0470069929669521E-4)
(6517,1.0470069929669521E-4)
(2057,1.0470069929669521E-4)
(3173,1.0470069929669521E-4)
(3557,1.0470069929669521E-4)
(4141,1.0470069929669521E-4)
(6813,1.0470069929669521E-4)
(2777,1.0470069929669521E-4)
(4117,1.0470069929669521E-4)
(4385,1.0470069929669521E-4)
(3261,1.0470069929669521E-4)
(273,1.0470069929669521E-4)
(2609,8.134213026403417E-5)
(4945,1.0470069929669521E-4)
(6809,8.134213026403417E-5)
(4229,1.0470069929669521E-4)
(5461,1.0470069929669521E-4)
(6165,1.0470069929669521E-4)
(9513,1.0470069929669521E-4)
(7965,1.0470069929669521E-4)
(9269,1.0470069929669521E-4)
(7637,1.0470069929669521E-4)
(4301,1.5888125735610845E-5)
(2241,1.0470069929669521E-4)
(4953,1.0470069929669521E-4)
(3645,1.0470069929669521E-4)
(6105,5.890776462131795E-5)
(9881,1.0470069929669521E-4)
(7893,1.0470069929669521E-4)
(921,1.0470069929669521E-4)
(5069,1.0470069929669521E-4)
(3329,1.0470069929669521E-4)
(3881,1.0470069929669521E-4)
(6381,1.0470069929669521E-4)
(9609,8.134213026403417E-5)
(9117,1.0470069929669521E-4)
(3801,1.5888125735610845E-5)
(3925,1.0470069929669521E-4)
(4057,1.0470069929669521E-4)
(2505,5.890776462131795E-5)
(9577,1.0470069929669521E-4)
(4669,1.0470069929669521E-4)
(2945,1.0470069929669521E-4)
(5873,1.0470069929669521E-4)
(1877,1.0470069929669521E-4)
(9449,1.0470069929669521E-4)
(361,1.0470069929669521E-4)
(6253,1.0470069929669521E-4)
(8649,1.0470069929669521E-4)
(4701,1.5888125735610845E-5)
(6985,1.0470069929669521E-4)
(7405,5.890776462131795E-5)
(5029,1.0470069929669521E-4)
(9785,1.0470069929669521E-4)
(2181,1.0470069929669521E-4)
(7381,1.0470069929669521E-4)
(881,1.0470069929669521E-4)
(4029,1.0470069929669521E-4)
(609,8.134213026403417E-5)
(9909,8.134213026403417E-5)
(4193,1.0470069929669521E-4)
(3181,1.0470069929669521E-4)
(297,1.0470069929669521E-4)
(8173,1.0470069929669521E-4)
(9337,1.0470069929669521E-4)
(641,1.0470069929669521E-4)
(529,1.0470069929669521E-4)
(1685,1.0470069929669521E-4)
(1625,1.0470069929669521E-4)
(4965,1.0470069929669521E-4)
(5841,1.0470069929669521E-4)
(4621,1.0470069929669521E-4)
(7973,1.0470069929669521E-4)
(7177,1.0470069929669521E-4)
(909,8.134213026403417E-5)
(1449,1.0470069929669521E-4)
(4741,1.0470069929669521E-4)
(5845,1.0470069929669521E-4)
(2145,1.0470069929669521E-4)
(3625,1.0470069929669521E-4)
(3509,8.134213026403417E-5)
(4813,1.0470069929669521E-4)
(6661,1.0470069929669521E-4)
(4501,1.5888125735610845E-5)
(3673,1.0470069929669521E-4)
(9225,1.0470069929669521E-4)
(2877,1.0470069929669521E-4)
(5413,1.0470069929669521E-4)
(9817,1.0470069929669521E-4)
(8245,1.0470069929669521E-4)
(1441,1.0470069929669521E-4)
(2209,8.134213026403417E-5)
(4673,1.0470069929669521E-4)
(8661,1.0470069929669521E-4)
(9085,1.0470069929669521E-4)
(5681,1.0470069929669521E-4)
(1669,1.0470069929669521E-4)
(1061,1.0470069929669521E-4)
(5609,8.134213026403417E-5)
(8489,1.0470069929669521E-4)
(2377,1.0470069929669521E-4)
(1045,1.0470069929669521E-4)
(2989,1.0470069929669521E-4)
(5673,1.0470069929669521E-4)
(681,1.0470069929669521E-4)
(697,1.0470069929669521E-4)
(945,1.0470069929669521E-4)
(7685,1.0470069929669521E-4)
(6465,1.0470069929669521E-4)
(3277,1.0470069929669521E-4)
(9621,1.0470069929669521E-4)
(7793,1.0470069929669521E-4)
(9425,1.0470069929669521E-4)
(2385,1.0470069929669521E-4)
(1893,1.0470069929669521E-4)
(2793,1.0470069929669521E-4)
(2981,1.0470069929669521E-4)
(3597,1.0470069929669521E-4)
(3657,1.0470069929669521E-4)
(6393,1.0470069929669521E-4)
(7385,1.0470069929669521E-4)
(8097,1.0470069929669521E-4)
(565,1.0470069929669521E-4)
(2037,1.0470069929669521E-4)
(3149,1.0470069929669521E-4)
(8293,1.0470069929669521E-4)
(3037,1.0470069929669521E-4)
(3369,1.0470069929669521E-4)
(3269,1.0470069929669521E-4)
(4045,1.0470069929669521E-4)
(3945,1.0470069929669521E-4)
(5917,1.0470069929669521E-4)
(9661,1.0470069929669521E-4)
(8001,1.5888125735610845E-5)
(1969,1.0470069929669521E-4)
(1773,1.0470069929669521E-4)
(2593,1.0470069929669521E-4)
(137,1.0470069929669521E-4)
(4865,1.0470069929669521E-4)
(8937,1.0470069929669521E-4)
(229,1.0470069929669521E-4)
(953,1.0470069929669521E-4)
(4137,1.0470069929669521E-4)
(5149,1.0470069929669521E-4)
(3297,1.0470069929669521E-4)
(7241,1.0470069929669521E-4)
(9525,1.0470069929669521E-4)
(7217,1.0470069929669521E-4)
(7085,1.0470069929669521E-4)
(5925,1.0470069929669521E-4)
(8297,1.0470069929669521E-4)
(6917,1.0470069929669521E-4)
(2269,1.0470069929669521E-4)
(9221,1.0470069929669521E-4)
(2825,1.0470069929669521E-4)
(9769,1.0470069929669521E-4)
(5793,1.0470069929669521E-4)
(5357,1.0470069929669521E-4)
(149,1.0470069929669521E-4)
(3125,1.0470069929669521E-4)
(3473,1.0470069929669521E-4)
(9061,1.0470069929669521E-4)
(1629,1.0470069929669521E-4)
(8313,1.0470069929669521E-4)
(7465,1.0470069929669521E-4)
(9145,1.0470069929669521E-4)
(6325,1.0470069929669521E-4)
(9501,1.5888125735610845E-5)
(997,1.0470069929669521E-4)
(2085,1.0470069929669521E-4)
(9437,1.0470069929669521E-4)
(5729,1.0470069929669521E-4)
(3697,1.0470069929669521E-4)
(109,8.134213026403417E-5)
(3965,1.0470069929669521E-4)
(1397,1.0470069929669521E-4)
(3241,1.0470069929669521E-4)
(3425,1.0470069929669521E-4)
(7093,1.0470069929669521E-4)
(5309,8.134213026403417E-5)
(3765,1.0470069929669521E-4)
(5705,5.890776462131795E-5)
(8337,1.0470069929669521E-4)
(5885,1.0470069929669521E-4)
(6957,1.0470069929669521E-4)
(4441,1.0470069929669521E-4)
(4713,1.0470069929669521E-4)
(9297,1.0470069929669521E-4)
(6849,1.0470069929669521E-4)
(3081,1.0470069929669521E-4)
(2925,1.0470069929669521E-4)
(5541,1.0470069929669521E-4)
(2309,8.134213026403417E-5)
(1489,1.0470069929669521E-4)
(4689,1.0470069929669521E-4)
(9885,1.0470069929669521E-4)
(9077,1.0470069929669521E-4)
(9713,1.0470069929669521E-4)
(9969,1.0470069929669521E-4)
(4929,1.0470069929669521E-4)
(8521,1.0470069929669521E-4)
(7513,1.0470069929669521E-4)
(4273,1.0470069929669521E-4)
(7341,1.0470069929669521E-4)
(669,1.0470069929669521E-4)
(7365,1.0470069929669521E-4)
(1649,1.0470069929669521E-4)
(8845,1.0470069929669521E-4)
(101,1.5888125735610845E-5)
(3637,1.0470069929669521E-4)
(6597,1.0470069929669521E-4)
(153,1.0470069929669521E-4)
(3833,1.0470069929669521E-4)
(6845,1.0470069929669521E-4)
(3917,1.0470069929669521E-4)
(2097,1.0470069929669521E-4)
(289,1.0470069929669521E-4)
(9313,1.0470069929669521E-4)
(7941,1.0470069929669521E-4)
(2489,1.0470069929669521E-4)
(3377,1.0470069929669521E-4)
(3961,1.0470069929669521E-4)
(8165,1.0470069929669521E-4)
(6405,5.890776462131795E-5)
(3093,1.0470069929669521E-4)
(9901,1.5888125735610845E-5)
(4433,1.0470069929669521E-4)
(6293,1.0470069929669521E-4)
(341,1.0470069929669521E-4)
(9149,1.0470069929669521E-4)
(8981,1.0470069929669521E-4)
(7529,1.0470069929669521E-4)
(2065,1.0470069929669521E-4)
(5105,5.890776462131795E-5)
(9509,8.134213026403417E-5)
(2977,1.0470069929669521E-4)
(4989,1.0470069929669521E-4)
(7549,1.0470069929669521E-4)
(8073,1.0470069929669521E-4)
(7477,1.0470069929669521E-4)
(8101,1.5888125735610845E-5)
(7401,1.5888125735610845E-5)
(2861,1.0470069929669521E-4)
(41,1.0470069929669521E-4)
(409,8.134213026403417E-5)
(7469,1.0470069929669521E-4)
(4545,1.0470069929669521E-4)
(9697,1.0470069929669521E-4)
(8761,1.0470069929669521E-4)
(6473,1.0470069929669521E-4)
(8481,1.0470069929669521E-4)
(261,1.0470069929669521E-4)
(6525,1.0470069929669521E-4)
(5077,1.0470069929669521E-4)
(1485,1.0470069929669521E-4)
(5165,1.0470069929669521E-4)
(6089,1.0470069929669521E-4)
(6841,1.0470069929669521E-4)
(7325,1.0470069929669521E-4)
(8033,1.0470069929669521E-4)
(9489,1.0470069929669521E-4)
(213,1.0470069929669521E-4)
(8669,1.0470069929669521E-4)
(2521,1.0470069929669521E-4)
(1965,1.0470069929669521E-4)
(9169,1.0470069929669521E-4)
(7141,1.0470069929669521E-4)
(2201,1.5888125735610845E-5)
(1613,1.0470069929669521E-4)
(4793,1.0470069929669521E-4)
(877,1.0470069929669521E-4)
(6529,1.0470069929669521E-4)
(6189,1.0470069929669521E-4)
(3829,1.0470069929669521E-4)
(2365,1.0470069929669521E-4)
(4737,1.0470069929669521E-4)
(8081,1.0470069929669521E-4)
(425,1.0470069929669521E-4)
(1333,1.0470069929669521E-4)
(4485,1.0470069929669521E-4)
(9137,1.0470069929669521E-4)
(3773,1.0470069929669521E-4)
(9605,5.890776462131795E-5)
(7269,1.0470069929669521E-4)
(2525,1.0470069929669521E-4)
(5041,1.0470069929669521E-4)
(325,1.0470069929669521E-4)
(6117,1.0470069929669521E-4)
(4505,5.890776462131795E-5)
(7861,1.0470069929669521E-4)
(4529,1.0470069929669521E-4)
(4761,1.0470069929669521E-4)
(5473,1.0470069929669521E-4)
(2237,1.0470069929669521E-4)
(4013,1.0470069929669521E-4)
(8629,1.0470069929669521E-4)
(1021,1.0470069929669521E-4)
(765,1.0470069929669521E-4)
(6705,5.890776462131795E-5)
(3397,1.0470069929669521E-4)
(6801,1.5888125735610845E-5)
(8865,1.0470069929669521E-4)
(5205,5.890776462131795E-5)
(3681,1.0470069929669521E-4)
(9649,1.0470069929669521E-4)
(3361,1.0470069929669521E-4)
(133,1.0470069929669521E-4)
(2233,1.0470069929669521E-4)
(949,1.0470069929669521E-4)
(7065,1.0470069929669521E-4)
(1917,1.0470069929669521E-4)
(4769,1.0470069929669521E-4)
(8145,1.0470069929669521E-4)
(3909,8.134213026403417E-5)
(1041,1.0470069929669521E-4)
(5245,1.0470069929669521E-4)
(8785,1.0470069929669521E-4)
(4709,8.134213026403417E-5)
(4177,1.0470069929669521E-4)
(9733,1.0470069929669521E-4)
(5773,1.0470069929669521E-4)
(8421,1.0470069929669521E-4)
(485,1.0470069929669521E-4)
(5389,1.0470069929669521E-4)
(6101,1.5888125735610845E-5)
(9373,1.0470069929669521E-4)
(3265,1.0470069929669521E-4)
(2253,1.0470069929669521E-4)
(2933,1.0470069929669521E-4)
(3677,1.0470069929669521E-4)
(3233,1.0470069929669521E-4)
(7373,1.0470069929669521E-4)
(8805,5.890776462131795E-5)
(1105,5.890776462131795E-5)
(1805,5.890776462131795E-5)
(233,1.0470069929669521E-4)
(1249,1.0470069929669521E-4)
(2289,1.0470069929669521E-4)
(1985,1.0470069929669521E-4)
(6153,1.0470069929669521E-4)
(537,1.0470069929669521E-4)
(2465,1.0470069929669521E-4)
(2681,1.0470069929669521E-4)
(9917,1.0470069929669521E-4)
(6733,1.0470069929669521E-4)
(1761,1.0470069929669521E-4)
(3333,1.0470069929669521E-4)
(6685,1.0470069929669521E-4)
(7433,1.0470069929669521E-4)
(8141,1.0470069929669521E-4)
(9985,1.0470069929669521E-4)
(9945,1.0470069929669521E-4)
(7209,8.134213026403417E-5)
(4893,1.0470069929669521E-4)
(5817,1.0470069929669521E-4)
(3605,5.890776462131795E-5)
(8821,1.0470069929669521E-4)
(4337,1.0470069929669521E-4)
(8265,1.0470069929669521E-4)
(5301,1.5888125735610845E-5)
(3589,1.0470069929669521E-4)
(3621,1.0470069929669521E-4)
(2573,1.0470069929669521E-4)
(5929,1.0470069929669521E-4)
(6333,1.0470069929669521E-4)
(9013,1.0470069929669521E-4)
(9849,1.0470069929669521E-4)
(1445,1.0470069929669521E-4)
(1925,1.0470069929669521E-4)
(1661,1.0470069929669521E-4)
(1721,1.0470069929669521E-4)
(8809,8.134213026403417E-5)
(5537,1.0470069929669521E-4)
(3229,1.0470069929669521E-4)
(2405,5.890776462131795E-5)
(2869,1.0470069929669521E-4)
(4069,1.0470069929669521E-4)
(8881,1.0470069929669521E-4)
(4065,1.0470069929669521E-4)
(4281,1.0470069929669521E-4)
(9049,1.0470069929669521E-4)
(5969,1.0470069929669521E-4)
(5145,1.0470069929669521E-4)
(4605,5.890776462131795E-5)
(7025,1.0470069929669521E-4)
(2949,1.0470069929669521E-4)
(2305,5.890776462131795E-5)
(9217,1.0470069929669521E-4)
(5001,1.5888125735610845E-5)
(3661,1.0470069929669521E-4)
(21,1.0470069929669521E-4)
(321,1.0470069929669521E-4)
(577,1.0470069929669521E-4)
(5641,1.0470069929669521E-4)
(6741,1.0470069929669521E-4)
(1973,1.0470069929669521E-4)
(2397,1.0470069929669521E-4)
(6065,1.0470069929669521E-4)
(2081,1.0470069929669521E-4)
(637,1.0470069929669521E-4)
(6989,1.0470069929669521E-4)
(5973,1.0470069929669521E-4)
(3869,1.0470069929669521E-4)
(9589,1.0470069929669521E-4)
(489,1.0470069929669521E-4)
(5965,1.0470069929669521E-4)
(7489,1.0470069929669521E-4)
(2517,1.0470069929669521E-4)
(7921,1.0470069929669521E-4)
(4221,1.0470069929669521E-4)
(4445,1.0470069929669521E-4)
(1165,1.0470069929669521E-4)
(1029,1.0470069929669521E-4)
(8633,1.0470069929669521E-4)
(8429,1.0470069929669521E-4)
(1677,1.0470069929669521E-4)
(2605,5.890776462131795E-5)
(6645,1.0470069929669521E-4)
(4937,1.0470069929669521E-4)
(9893,1.0470069929669521E-4)
(929,1.0470069929669521E-4)
(2929,1.0470069929669521E-4)
(4357,1.0470069929669521E-4)
(8985,1.0470069929669521E-4)
(8177,1.0470069929669521E-4)
(5037,1.0470069929669521E-4)
(1689,1.0470069929669521E-4)
(1961,1.0470069929669521E-4)
(7977,1.0470069929669521E-4)
(7809,8.134213026403417E-5)
(2709,8.134213026403417E-5)
(1505,5.890776462131795E-5)
(6501,1.5888125735610845E-5)
(5481,1.0470069929669521E-4)
(1125,1.0470069929669521E-4)
(9469,1.0470069929669521E-4)
(3537,1.0470069929669521E-4)
(1049,1.0470069929669521E-4)
(3177,1.0470069929669521E-4)
(6413,1.0470069929669521E-4)
(4773,1.0470069929669521E-4)
(6709,8.134213026403417E-5)
(4269,1.0470069929669521E-4)
(1597,1.0470069929669521E-4)
(1945,1.0470069929669521E-4)
(2897,1.0470069929669521E-4)
(8453,1.0470069929669521E-4)
(1825,1.0470069929669521E-4)
(6077,1.0470069929669521E-4)
(1509,8.134213026403417E-5)
(2413,1.0470069929669521E-4)
(3253,1.0470069929669521E-4)
(9,8.134213026403417E-5)
(6565,1.0470069929669521E-4)
(2865,1.0470069929669521E-4)
(6921,1.0470069929669521E-4)
(6577,1.0470069929669521E-4)
(4897,1.0470069929669521E-4)
(7113,1.0470069929669521E-4)
(7429,1.0470069929669521E-4)
(3461,1.0470069929669521E-4)
(4745,1.0470069929669521E-4)
(1229,1.0470069929669521E-4)
(9601,1.5888125735610845E-5)
(6221,1.0470069929669521E-4)
(4333,1.0470069929669521E-4)
(3805,5.890776462131795E-5)
(7545,1.0470069929669521E-4)
(397,1.0470069929669521E-4)
(3709,8.134213026403417E-5)
(6829,1.0470069929669521E-4)
(4465,1.0470069929669521E-4)
(5293,1.0470069929669521E-4)
(3969,1.0470069929669521E-4)
(1949,1.0470069929669521E-4)
(7717,1.0470069929669521E-4)
(5393,1.0470069929669521E-4)
(8673,1.0470069929669521E-4)
(4197,1.0470069929669521E-4)
(4933,1.0470069929669521E-4)
(9265,1.0470069929669521E-4)
(8345,1.0470069929669521E-4)
(2101,1.5888125735610845E-5)
(3845,1.0470069929669521E-4)
(5733,1.0470069929669521E-4)
(7013,1.0470069929669521E-4)
(6309,8.134213026403417E-5)
(2649,1.0470069929669521E-4)
(501,1.5888125735610845E-5)
(6797,1.0470069929669521E-4)
(1437,1.0470069929669521E-4)
(869,1.0470069929669521E-4)
(3049,1.0470069929669521E-4)
(3761,1.0470069929669521E-4)
(3641,1.0470069929669521E-4)
(4537,1.0470069929669521E-4)
(8529,1.0470069929669521E-4)
(6561,1.0470069929669521E-4)
(6973,1.0470069929669521E-4)
(6037,1.0470069929669521E-4)
(2141,1.0470069929669521E-4)
(6357,1.0470069929669521E-4)
(6585,1.0470069929669521E-4)
(5825,1.0470069929669521E-4)
(8701,1.5888125735610845E-5)
(3825,1.0470069929669521E-4)
(2193,1.0470069929669521E-4)
(4553,1.0470069929669521E-4)
(5053,1.0470069929669521E-4)
(5629,1.0470069929669521E-4)
(4201,1.5888125735610845E-5)
(6981,1.0470069929669521E-4)
(9545,1.0470069929669521E-4)
(6701,1.5888125735610845E-5)
(6345,1.0470069929669521E-4)
(6941,1.0470069929669521E-4)
(8061,1.0470069929669521E-4)
(3017,1.0470069929669521E-4)
(7633,1.0470069929669521E-4)
(7905,5.890776462131795E-5)
(9593,1.0470069929669521E-4)
(3201,1.5888125735610845E-5)
(6213,1.0470069929669521E-4)
(9821,1.0470069929669521E-4)
(7377,1.0470069929669521E-4)
(5437,1.0470069929669521E-4)
(6461,1.0470069929669521E-4)
(5813,1.0470069929669521E-4)
(7017,1.0470069929669521E-4)
(5525,1.0470069929669521E-4)
(1337,1.0470069929669521E-4)
(2529,1.0470069929669521E-4)
(7725,1.0470069929669521E-4)
(8277,1.0470069929669521E-4)
(9181,1.0470069929669521E-4)
(5009,8.134213026403417E-5)
(6521,1.0470069929669521E-4)
(5365,1.0470069929669521E-4)
(1673,1.0470069929669521E-4)
(9257,1.0470069929669521E-4)
(7021,1.0470069929669521E-4)
(3417,1.0470069929669521E-4)
(5949,1.0470069929669521E-4)
(9897,1.0470069929669521E-4)
(1849,1.0470069929669521E-4)
(3749,1.0470069929669521E-4)
(8221,1.0470069929669521E-4)
(7029,1.0470069929669521E-4)
(1149,1.0470069929669521E-4)
(4985,1.0470069929669521E-4)
(1065,1.0470069929669521E-4)
(8581,1.0470069929669521E-4)
(6341,1.0470069929669521E-4)
(6417,1.0470069929669521E-4)
(4237,1.0470069929669521E-4)
(6329,1.0470069929669521E-4)
(9665,1.0470069929669521E-4)
(905,5.890776462131795E-5)
(6281,1.0470069929669521E-4)
(8741,1.0470069929669521E-4)
(4825,1.0470069929669521E-4)
(9213,1.0470069929669521E-4)
(2069,1.0470069929669521E-4)
(7701,1.5888125735610845E-5)
(9281,1.0470069929669521E-4)
(4781,1.0470069929669521E-4)
(1605,5.890776462131795E-5)
(6777,1.0470069929669521E-4)
(6497,1.0470069929669521E-4)
(8653,1.0470069929669521E-4)
(8225,1.0470069929669521E-4)
(1245,1.0470069929669521E-4)
(2713,1.0470069929669521E-4)
(9157,1.0470069929669521E-4)
(33,1.0470069929669521E-4)
(7101,1.5888125735610845E-5)
(1853,1.0470069929669521E-4)
(1221,1.0470069929669521E-4)
(2213,1.0470069929669521E-4)
(3025,1.0470069929669521E-4)
(3285,1.0470069929669521E-4)
(5789,1.0470069929669521E-4)
(7653,1.0470069929669521E-4)
(1537,1.0470069929669521E-4)
(3189,1.0470069929669521E-4)
(8625,1.0470069929669521E-4)
(5349,1.0470069929669521E-4)
(4757,1.0470069929669521E-4)
(557,1.0470069929669521E-4)
(9341,1.0470069929669521E-4)
(1321,1.0470069929669521E-4)
(4805,5.890776462131795E-5)
(4129,1.0470069929669521E-4)
(121,1.0470069929669521E-4)
(1177,1.0470069929669521E-4)
(1697,1.0470069929669521E-4)
(2461,1.0470069929669521E-4)
(5049,1.0470069929669521E-4)
(3365,1.0470069929669521E-4)
(973,1.0470069929669521E-4)
(9877,1.0470069929669521E-4)
(3217,1.0470069929669521E-4)
(4629,1.0470069929669521E-4)
(2393,1.0470069929669521E-4)
(285,1.0470069929669521E-4)
(421,1.0470069929669521E-4)
(5669,1.0470069929669521E-4)
(1733,1.0470069929669521E-4)
(569,1.0470069929669521E-4)
(1185,1.0470069929669521E-4)
(629,1.0470069929669521E-4)
(8005,5.890776462131795E-5)
(1009,8.134213026403417E-5)
(5265,1.0470069929669521E-4)
(689,1.0470069929669521E-4)
(6745,1.0470069929669521E-4)
(9505,5.890776462131795E-5)
(8721,1.0470069929669521E-4)
(9493,1.0470069929669521E-4)
(1077,1.0470069929669521E-4)
(5985,1.0470069929669521E-4)
(6041,1.0470069929669521E-4)
(9453,1.0470069929669521E-4)
(2409,8.134213026403417E-5)
(1257,1.0470069929669521E-4)
(2737,1.0470069929669521E-4)
(7049,1.0470069929669521E-4)
(3617,1.0470069929669521E-4)
(965,1.0470069929669521E-4)
(7805,5.890776462131795E-5)
(4053,1.0470069929669521E-4)
(8465,1.0470069929669521E-4)
(5441,1.0470069929669521E-4)
(829,1.0470069929669521E-4)
(3281,1.0470069929669521E-4)
(8369,1.0470069929669521E-4)
(8361,1.0470069929669521E-4)
(8837,1.0470069929669521E-4)
(6589,1.0470069929669521E-4)
(8885,1.0470069929669521E-4)
(3373,1.0470069929669521E-4)
(9389,1.0470069929669521E-4)
(3033,1.0470069929669521E-4)
(3993,1.0470069929669521E-4)
(7193,1.0470069929669521E-4)
(3733,1.0470069929669521E-4)
(4213,1.0470069929669521E-4)
(9325,1.0470069929669521E-4)
(9329,1.0470069929669521E-4)
(249,1.0470069929669521E-4)
(9273,1.0470069929669521E-4)
(257,1.0470069929669521E-4)
(1777,1.0470069929669521E-4)
(9937,1.0470069929669521E-4)
(8897,1.0470069929669521E-4)
(1581,1.0470069929669521E-4)
(7641,1.0470069929669521E-4)
(8925,1.0470069929669521E-4)
(1561,1.0470069929669521E-4)
(733,1.0470069929669521E-4)
(5677,1.0470069929669521E-4)
(7333,1.0470069929669521E-4)
(7913,1.0470069929669521E-4)
(9521,1.0470069929669521E-4)
(8557,1.0470069929669521E-4)
(769,1.0470069929669521E-4)
(9105,5.890776462131795E-5)
(2033,1.0470069929669521E-4)
(1905,5.890776462131795E-5)
(7961,1.0470069929669521E-4)
(8957,1.0470069929669521E-4)
(9285,1.0470069929669521E-4)
(8385,1.0470069929669521E-4)
(3113,1.0470069929669521E-4)
(729,1.0470069929669521E-4)
(933,1.0470069929669521E-4)
(7509,8.134213026403417E-5)
(9813,1.0470069929669521E-4)
(6913,1.0470069929669521E-4)
(8273,1.0470069929669521E-4)
(7741,1.0470069929669521E-4)
(9573,1.0470069929669521E-4)
(8229,1.0470069929669521E-4)
(957,1.0470069929669521E-4)
(1793,1.0470069929669521E-4)
(8009,8.134213026403417E-5)
(3437,1.0470069929669521E-4)
(5089,1.0470069929669521E-4)
(6385,1.0470069929669521E-4)
(8281,1.0470069929669521E-4)
(7161,1.0470069929669521E-4)
(4469,1.0470069929669521E-4)
(5701,1.5888125735610845E-5)
(1609,8.134213026403417E-5)
(9073,1.0470069929669521E-4)
(4489,1.0470069929669521E-4)
(9189,1.0470069929669521E-4)
(3205,5.890776462131795E-5)
(509,8.134213026403417E-5)
(721,1.0470069929669521E-4)
(2665,1.0470069929669521E-4)
(6033,1.0470069929669521E-4)
(7681,1.0470069929669521E-4)
(5801,1.5888125735610845E-5)
(3009,8.134213026403417E-5)
(4593,1.0470069929669521E-4)
(985,1.0470069929669521E-4)
(9857,1.0470069929669521E-4)
(7745,1.0470069929669521E-4)
(5585,1.0470069929669521E-4)
(8781,1.0470069929669521E-4)
(677,1.0470069929669521E-4)
(3129,1.0470069929669521E-4)
(8109,8.134213026403417E-5)
(8793,1.0470069929669521E-4)
(6441,1.0470069929669521E-4)
(7981,1.0470069929669521E-4)
(3477,1.0470069929669521E-4)
(8753,1.0470069929669521E-4)
(2937,1.0470069929669521E-4)
(4345,1.0470069929669521E-4)
(809,8.134213026403417E-5)
(1541,1.0470069929669521E-4)
(9597,1.0470069929669521E-4)
(6785,1.0470069929669521E-4)
(841,1.0470069929669521E-4)
(3273,1.0470069929669521E-4)
(5185,1.0470069929669521E-4)
(661,1.0470069929669521E-4)
(9685,1.0470069929669521E-4)
(5937,1.0470069929669521E-4)
(1533,1.0470069929669521E-4)
(4397,1.0470069929669521E-4)
(1937,1.0470069929669521E-4)
(9701,1.5888125735610845E-5)
(5717,1.0470069929669521E-4)
(1145,1.0470069929669521E-4)
(5617,1.0470069929669521E-4)
(6093,1.0470069929669521E-4)
(29,1.0470069929669521E-4)
(6009,8.134213026403417E-5)
(8509,8.134213026403417E-5)
(6053,1.0470069929669521E-4)
(7257,1.0470069929669521E-4)
(2485,1.0470069929669521E-4)
(1033,1.0470069929669521E-4)
(4249,1.0470069929669521E-4)
(161,1.0470069929669521E-4)
(1817,1.0470069929669521E-4)
(8773,1.0470069929669521E-4)
(5125,1.0470069929669521E-4)
(8733,1.0470069929669521E-4)
(8513,1.0470069929669521E-4)
(9809,8.134213026403417E-5)
(9465,1.0470069929669521E-4)
(1101,1.5888125735610845E-5)
(9657,1.0470069929669521E-4)
(313,1.0470069929669521E-4)
(9653,1.0470069929669521E-4)
(3097,1.0470069929669521E-4)
(9833,1.0470069929669521E-4)
(8137,1.0470069929669521E-4)
(9317,1.0470069929669521E-4)
(2473,1.0470069929669521E-4)
(2169,1.0470069929669521E-4)
(7937,1.0470069929669521E-4)
(1129,1.0470069929669521E-4)
(3381,1.0470069929669521E-4)
(337,1.0470069929669521E-4)
(1909,8.134213026403417E-5)
(7713,1.0470069929669521E-4)
(4437,1.0470069929669521E-4)
(1529,1.0470069929669521E-4)
(6557,1.0470069929669521E-4)
(3309,8.134213026403417E-5)
(3977,1.0470069929669521E-4)
(2585,1.0470069929669521E-4)
(9261,1.0470069929669521E-4)
(8685,1.0470069929669521E-4)
(1345,1.0470069929669521E-4)
(6421,1.0470069929669521E-4)
(585,1.0470069929669521E-4)
(5405,5.890776462131795E-5)
(3221,1.0470069929669521E-4)
(9677,1.0470069929669521E-4)
(5849,1.0470069929669521E-4)
(7185,1.0470069929669521E-4)
(9369,1.0470069929669521E-4)
(5989,1.0470069929669521E-4)
(4957,1.0470069929669521E-4)
(3609,8.134213026403417E-5)
(6297,1.0470069929669521E-4)
(1269,1.0470069929669521E-4)
(1837,1.0470069929669521E-4)
(5449,1.0470069929669521E-4)
(6197,1.0470069929669521E-4)
(2773,1.0470069929669521E-4)
(3897,1.0470069929669521E-4)
(7305,5.890776462131795E-5)
(5761,1.0470069929669521E-4)
(8029,1.0470069929669521E-4)
(8693,1.0470069929669521E-4)
(5505,5.890776462131795E-5)
(6437,1.0470069929669521E-4)
(2761,1.0470069929669521E-4)
(457,1.0470069929669521E-4)
(1057,1.0470069929669521E-4)
(3929,1.0470069929669521E-4)
(9725,1.0470069929669521E-4)
(7597,1.0470069929669521E-4)
(9729,1.0470069929669521E-4)
(1857,1.0470069929669521E-4)
(2577,1.0470069929669521E-4)
(2229,1.0470069929669521E-4)
(5409,8.134213026403417E-5)
(5613,1.0470069929669521E-4)
(2445,1.0470069929669521E-4)
(2705,5.890776462131795E-5)
(353,1.0470069929669521E-4)
(6081,1.0470069929669521E-4)
(65,1.0470069929669521E-4)
(865,1.0470069929669521E-4)
(3225,1.0470069929669521E-4)
(2129,1.0470069929669521E-4)
(4361,1.0470069929669521E-4)
(2873,1.0470069929669521E-4)
(7737,1.0470069929669521E-4)
(6209,8.134213026403417E-5)
(8637,1.0470069929669521E-4)
(1349,1.0470069929669521E-4)
(8305,5.890776462131795E-5)
(9381,1.0470069929669521E-4)
(941,1.0470069929669521E-4)
(5157,1.0470069929669521E-4)
(7337,1.0470069929669521E-4)
(9129,1.0470069929669521E-4)
(1341,1.0470069929669521E-4)
(6533,1.0470069929669521E-4)
(5941,1.0470069929669521E-4)
(1197,1.0470069929669521E-4)
(8213,1.0470069929669521E-4)
(1281,1.0470069929669521E-4)
(3817,1.0470069929669521E-4)
(5397,1.0470069929669521E-4)
(4665,1.0470069929669521E-4)
(1705,5.890776462131795E-5)
(2217,1.0470069929669521E-4)
(1461,1.0470069929669521E-4)
(8329,1.0470069929669521E-4)
(4313,1.0470069929669521E-4)
(673,1.0470069929669521E-4)
(253,1.0470069929669521E-4)
(5529,1.0470069929669521E-4)
(1173,1.0470069929669521E-4)
(1897,1.0470069929669521E-4)
(4185,1.0470069929669521E-4)
(4609,8.134213026403417E-5)
(2813,1.0470069929669521E-4)
(5281,1.0470069929669521E-4)
(6629,1.0470069929669521E-4)
(169,1.0470069929669521E-4)
(1497,1.0470069929669521E-4)
(7953,1.0470069929669521E-4)
(2477,1.0470069929669521E-4)
(5633,1.0470069929669521E-4)
(7249,1.0470069929669521E-4)
(3745,1.0470069929669521E-4)
(7885,1.0470069929669521E-4)
(8201,1.5888125735610845E-5)
(545,1.0470069929669521E-4)
(6317,1.0470069929669521E-4)
(9749,1.0470069929669521E-4)
(1189,1.0470069929669521E-4)
(7825,1.0470069929669521E-4)
(1577,1.0470069929669521E-4)
(9689,1.0470069929669521E-4)
(6225,1.0470069929669521E-4)
(9965,1.0470069929669521E-4)
(9617,1.0470069929669521E-4)
(8541,1.0470069929669521E-4)
(825,1.0470069929669521E-4)
(1617,1.0470069929669521E-4)
(4009,8.134213026403417E-5)
(6201,1.5888125735610845E-5)
(9765,1.0470069929669521E-4)
(8341,1.0470069929669521E-4)
(3813,1.0470069929669521E-4)
(6013,1.0470069929669521E-4)
(5369,1.0470069929669521E-4)
(5493,1.0470069929669521E-4)
(5,5.890776462131795E-5)
(13,1.0470069929669521E-4)
(3649,1.0470069929669521E-4)
(9705,5.890776462131795E-5)
(4017,1.0470069929669521E-4)
(5913,1.0470069929669521E-4)
(7857,1.0470069929669521E-4)
(7077,1.0470069929669521E-4)
(2153,1.0470069929669521E-4)
(2105,5.890776462131795E-5)
(3913,1.0470069929669521E-4)
(2349,1.0470069929669521E-4)
(6633,1.0470069929669521E-4)
(2765,1.0470069929669521E-4)
(7781,1.0470069929669521E-4)
(2553,1.0470069929669521E-4)
(5361,1.0470069929669521E-4)
(7969,1.0470069929669521E-4)
(7585,1.0470069929669521E-4)
(1465,1.0470069929669521E-4)
(2373,1.0470069929669521E-4)
(7525,1.0470069929669521E-4)
(7293,1.0470069929669521E-4)
(9293,1.0470069929669521E-4)
(4533,1.0470069929669521E-4)
(7493,1.0470069929669521E-4)
(8317,1.0470069929669521E-4)
(7457,1.0470069929669521E-4)
(2501,1.5888125735610845E-5)
(5261,1.0470069929669521E-4)
(5953,1.0470069929669521E-4)
(5997,1.0470069929669521E-4)
(6697,1.0470069929669521E-4)
(4133,1.0470069929669521E-4)
(7821,1.0470069929669521E-4)
(7565,1.0470069929669521E-4)
(2277,1.0470069929669521E-4)
(8373,1.0470069929669521E-4)
(61,1.0470069929669521E-4)
(7445,1.0470069929669521E-4)
(6313,1.0470069929669521E-4)
(901,1.5888125735610845E-5)
(4681,1.0470069929669521E-4)
(2621,1.0470069929669521E-4)
(97,1.0470069929669521E-4)
(6753,1.0470069929669521E-4)
(9797,1.0470069929669521E-4)
(1513,1.0470069929669521E-4)
(3689,1.0470069929669521E-4)
(6137,1.0470069929669521E-4)
(4581,1.0470069929669521E-4)
(3193,1.0470069929669521E-4)
(8549,1.0470069929669521E-4)
(9401,1.5888125735610845E-5)
(2165,1.0470069929669521E-4)
(3633,1.0470069929669521E-4)
(777,1.0470069929669521E-4)
(2317,1.0470069929669521E-4)
(5749,1.0470069929669521E-4)
(7761,1.0470069929669521E-4)
(9405,5.890776462131795E-5)
(8157,1.0470069929669521E-4)
(1137,1.0470069929669521E-4)
(1757,1.0470069929669521E-4)
(3393,1.0470069929669521E-4)
(6569,1.0470069929669521E-4)
(7669,1.0470069929669521E-4)
(365,1.0470069929669521E-4)
(8833,1.0470069929669521E-4)
(8021,1.0470069929669521E-4)
(5513,1.0470069929669521E-4)
(1921,1.0470069929669521E-4)
(2313,1.0470069929669521E-4)
(9709,8.134213026403417E-5)
(5417,1.0470069929669521E-4)
(7605,5.890776462131795E-5)
(6641,1.0470069929669521E-4)
(4797,1.0470069929669521E-4)
(9873,1.0470069929669521E-4)
(8801,1.5888125735610845E-5)
(2677,1.0470069929669521E-4)
(1645,1.0470069929669521E-4)
(5237,1.0470069929669521E-4)
(2389,1.0470069929669521E-4)
(8709,8.134213026403417E-5)
(2957,1.0470069929669521E-4)
(3433,1.0470069929669521E-4)
(3465,1.0470069929669521E-4)
(3389,1.0470069929669521E-4)
(7749,1.0470069929669521E-4)
(5865,1.0470069929669521E-4)
(6609,8.134213026403417E-5)
(9993,1.0470069929669521E-4)
(1329,1.0470069929669521E-4)
(1073,1.0470069929669521E-4)
(9565,1.0470069929669521E-4)
(201,1.5888125735610845E-5)
(6857,1.0470069929669521E-4)
(4297,1.0470069929669521E-4)
(4869,1.0470069929669521E-4)
(5457,1.0470069929669521E-4)
(6085,1.0470069929669521E-4)
(3409,8.134213026403417E-5)
(605,5.890776462131795E-5)
(2049,1.0470069929669521E-4)
(6673,1.0470069929669521E-4)
(2261,1.0470069929669521E-4)
(5625,1.0470069929669521E-4)
(7985,1.0470069929669521E-4)
(4601,1.5888125735610845E-5)
(4169,1.0470069929669521E-4)
(6453,1.0470069929669521E-4)
(1601,1.5888125735610845E-5)
(6129,1.0470069929669521E-4)
(1097,1.0470069929669521E-4)
(9173,1.0470069929669521E-4)
(781,1.0470069929669521E-4)
(7061,1.0470069929669521E-4)
(8561,1.0470069929669521E-4)
(8665,1.0470069929669521E-4)
(1885,1.0470069929669521E-4)
(2973,1.0470069929669521E-4)
(6273,1.0470069929669521E-4)
(7873,1.0470069929669521E-4)
(4565,1.0470069929669521E-4)
(6113,1.0470069929669521E-4)
(2853,1.0470069929669521E-4)
(6937,1.0470069929669521E-4)
(1409,8.134213026403417E-5)
(1261,1.0470069929669521E-4)
(5637,1.0470069929669521E-4)
(3937,1.0470069929669521E-4)
(4405,5.890776462131795E-5)
(621,1.0470069929669521E-4)
(3721,1.0470069929669521E-4)
(5577,1.0470069929669521E-4)
(5141,1.0470069929669521E-4)
(7609,8.134213026403417E-5)
(5933,1.0470069929669521E-4)
(7989,1.0470069929669521E-4)
(9233,1.0470069929669521E-4)
(4849,1.0470069929669521E-4)
(1069,1.0470069929669521E-4)
(2337,1.0470069929669521E-4)
(3581,1.0470069929669521E-4)
(2617,1.0470069929669521E-4)
(6997,1.0470069929669521E-4)
(6725,1.0470069929669521E-4)
(7957,1.0470069929669521E-4)
(7729,1.0470069929669521E-4)
(9109,8.134213026403417E-5)
(1553,1.0470069929669521E-4)
(6657,1.0470069929669521E-4)
(2061,1.0470069929669521E-4)
(5337,1.0470069929669521E-4)
(2685,1.0470069929669521E-4)
(4877,1.0470069929669521E-4)
(381,1.0470069929669521E-4)
(3421,1.0470069929669521E-4)
(8065,1.0470069929669521E-4)
(1217,1.0470069929669521E-4)
(81,1.0470069929669521E-4)
(1241,1.0470069929669521E-4)
(8789,1.0470069929669521E-4)
(8545,1.0470069929669521E-4)
(7933,1.0470069929669521E-4)
(2805,5.890776462131795E-5)
(5373,1.0470069929669521E-4)
(2597,1.0470069929669521E-4)
(9057,1.0470069929669521E-4)
(7753,1.0470069929669521E-4)
(649,1.0470069929669521E-4)
(8193,1.0470069929669521E-4)
(8737,1.0470069929669521E-4)
(5981,1.0470069929669521E-4)
(7817,1.0470069929669521E-4)
(2089,1.0470069929669521E-4)
(6469,1.0470069929669521E-4)
(7733,1.0470069929669521E-4)
(3289,1.0470069929669521E-4)
(1829,1.0470069929669521E-4)
(3741,1.0470069929669521E-4)
(505,5.890776462131795E-5)
(581,1.0470069929669521E-4)
(4209,8.134213026403417E-5)
(8069,1.0470069929669521E-4)
(5573,1.0470069929669521E-4)
(9517,1.0470069929669521E-4)
(2421,1.0470069929669521E-4)
(5169,1.0470069929669521E-4)
(1901,1.5888125735610845E-5)
(1317,1.0470069929669521E-4)
(7345,1.0470069929669521E-4)
(7901,1.5888125735610845E-5)
(4377,1.0470069929669521E-4)
(9837,1.0470069929669521E-4)
(5797,1.0470069929669521E-4)
(553,1.0470069929669521E-4)
(9929,1.0470069929669521E-4)
(7197,1.0470069929669521E-4)
(1433,1.0470069929669521E-4)
(2333,1.0470069929669521E-4)
(8613,1.0470069929669521E-4)
(6549,1.0470069929669521E-4)
(8237,1.0470069929669521E-4)
(3701,1.5888125735610845E-5)
(8869,1.0470069929669521E-4)
(9581,1.0470069929669521E-4)
(4353,1.0470069929669521E-4)
(3953,1.0470069929669521E-4)
(7497,1.0470069929669521E-4)
(3001,1.5888125735610845E-5)
(329,1.0470069929669521E-4)
(5465,1.0470069929669521E-4)
(9021,1.0470069929669521E-4)
(7277,1.0470069929669521E-4)
(73,1.0470069929669521E-4)
(9861,1.0470069929669521E-4)
(665,1.0470069929669521E-4)
(237,1.0470069929669521E-4)
(1453,1.0470069929669521E-4)
(3245,1.0470069929669521E-4)
(7361,1.0470069929669521E-4)
(8057,1.0470069929669521E-4)
(389,1.0470069929669521E-4)
(8181,1.0470069929669521E-4)
(3861,1.0470069929669521E-4)
(6157,1.0470069929669521E-4)
(8593,1.0470069929669521E-4)
(7037,1.0470069929669521E-4)
(7441,1.0470069929669521E-4)
(4493,1.0470069929669521E-4)
(5289,1.0470069929669521E-4)
(9789,1.0470069929669521E-4)
(2953,1.0470069929669521E-4)
(1237,1.0470069929669521E-4)
(7089,1.0470069929669521E-4)
(7137,1.0470069929669521E-4)
(5177,1.0470069929669521E-4)
(265,1.0470069929669521E-4)
(2545,1.0470069929669521E-4)
(5557,1.0470069929669521E-4)
(4041,1.0470069929669521E-4)
(5945,1.0470069929669521E-4)
(437,1.0470069929669521E-4)
(2565,1.0470069929669521E-4)
(2905,5.890776462131795E-5)
(2753,1.0470069929669521E-4)
(2173,1.0470069929669521E-4)
(8149,1.0470069929669521E-4)
(3669,1.0470069929669521E-4)
(6653,1.0470069929669521E-4)
(6109,8.134213026403417E-5)
(5661,1.0470069929669521E-4)
(7929,1.0470069929669521E-4)
(6729,1.0470069929669521E-4)
(7145,1.0470069929669521E-4)
(8813,1.0470069929669521E-4)
(3777,1.0470069929669521E-4)
(9933,1.0470069929669521E-4)
(4121,1.0470069929669521E-4)
(89,1.0470069929669521E-4)
(2729,1.0470069929669521E-4)
(241,1.0470069929669521E-4)
(597,1.0470069929669521E-4)
(6681,1.0470069929669521E-4)
(5597,1.0470069929669521E-4)
(3101,1.5888125735610845E-5)
(481,1.0470069929669521E-4)
(7169,1.0470069929669521E-4)
(5109,8.134213026403417E-5)
(6805,5.890776462131795E-5)
(277,1.0470069929669521E-4)
(8253,1.0470069929669521E-4)
(7617,1.0470069929669521E-4)
(8129,1.0470069929669521E-4)
(7557,1.0470069929669521E-4)
(4393,1.0470069929669521E-4)
(5741,1.0470069929669521E-4)
(1797,1.0470069929669521E-4)
(737,1.0470069929669521E-4)
(333,1.0470069929669521E-4)
(7689,1.0470069929669521E-4)
(3301,1.5888125735610845E-5)
(6257,1.0470069929669521E-4)
(8553,1.0470069929669521E-4)
(2993,1.0470069929669521E-4)
(845,1.0470069929669521E-4)
(2221,1.0470069929669521E-4)
(4413,1.0470069929669521E-4)
(8965,1.0470069929669521E-4)
(8525,1.0470069929669521E-4)
(4617,1.0470069929669521E-4)
(561,1.0470069929669521E-4)
(3157,1.0470069929669521E-4)
(7449,1.0470069929669521E-4)
(705,5.890776462131795E-5)
(797,1.0470069929669521E-4)
(5257,1.0470069929669521E-4)
(7437,1.0470069929669521E-4)
(9721,1.0470069929669521E-4)
(2093,1.0470069929669521E-4)
(2401,1.5888125735610845E-5)
(1745,1.0470069929669521E-4)
(5549,1.0470069929669521E-4)
(7705,5.890776462131795E-5)
(8921,1.0470069929669521E-4)
(785,1.0470069929669521E-4)
(3613,1.0470069929669521E-4)
(6873,1.0470069929669521E-4)
(9585,1.0470069929669521E-4)
(5977,1.0470069929669521E-4)
(189,1.0470069929669521E-4)
(7357,1.0470069929669521E-4)
(4093,1.0470069929669521E-4)
(9973,1.0470069929669521E-4)
(2725,1.0470069929669521E-4)
(4409,8.134213026403417E-5)
(4561,1.0470069929669521E-4)
(7657,1.0470069929669521E-4)
(8817,1.0470069929669521E-4)
(2741,1.0470069929669521E-4)
(6001,1.5888125735610845E-5)
(2569,1.0470069929669521E-4)
(5057,1.0470069929669521E-4)
(7829,1.0470069929669521E-4)
(7949,1.0470069929669521E-4)
(6625,1.0470069929669521E-4)
(9377,1.0470069929669521E-4)
(8025,1.0470069929669521E-4)
(7797,1.0470069929669521E-4)
(8389,1.0470069929669521E-4)
(8449,1.0470069929669521E-4)
(3865,1.0470069929669521E-4)
(3089,1.0470069929669521E-4)
(7881,1.0470069929669521E-4)
(4917,1.0470069929669521E-4)
(7505,5.890776462131795E-5)
(9737,1.0470069929669521E-4)
(8105,5.890776462131795E-5)
(385,1.0470069929669521E-4)
(7541,1.0470069929669521E-4)
(1913,1.0470069929669521E-4)
(4497,1.0470069929669521E-4)
(8697,1.0470069929669521E-4)
(2345,1.0470069929669521E-4)
(2645,1.0470069929669521E-4)
(5589,1.0470069929669521E-4)
(1493,1.0470069929669521E-4)
(8829,1.0470069929669521E-4)
(3561,1.0470069929669521E-4)
(4753,1.0470069929669521E-4)
(4113,1.0470069929669521E-4)
(6433,1.0470069929669521E-4)
(5221,1.0470069929669521E-4)
(6161,1.0470069929669521E-4)
(9485,1.0470069929669521E-4)
(2457,1.0470069929669521E-4)
(1385,1.0470069929669521E-4)
(7561,1.0470069929669521E-4)
(301,1.5888125735610845E-5)
(7205,5.890776462131795E-5)
(4841,1.0470069929669521E-4)
(5829,1.0470069929669521E-4)
(9209,8.134213026403417E-5)
(5201,1.5888125735610845E-5)
(1657,1.0470069929669521E-4)
(5769,1.0470069929669521E-4)
(2045,1.0470069929669521E-4)
(9017,1.0470069929669521E-4)
(6389,1.0470069929669521E-4)
(7221,1.0470069929669521E-4)
(3453,1.0470069929669521E-4)
(5433,1.0470069929669521E-4)
(4997,1.0470069929669521E-4)
(3601,1.5888125735610845E-5)
(7773,1.0470069929669521E-4)
(3769,1.0470069929669521E-4)
(4785,1.0470069929669521E-4)
(3065,1.0470069929669521E-4)
(2745,1.0470069929669521E-4)
(5005,5.890776462131795E-5)
(7121,1.0470069929669521E-4)
(2357,1.0470069929669521E-4)
(6173,1.0470069929669521E-4)
(2273,1.0470069929669521E-4)
(9141,1.0470069929669521E-4)
(5189,1.0470069929669521E-4)
(7621,1.0470069929669521E-4)
(749,1.0470069929669521E-4)
(357,1.0470069929669521E-4)
(9245,1.0470069929669521E-4)
(433,1.0470069929669521E-4)
(7353,1.0470069929669521E-4)
(5477,1.0470069929669521E-4)
(1277,1.0470069929669521E-4)
(2189,1.0470069929669521E-4)
(1305,5.890776462131795E-5)
(5745,1.0470069929669521E-4)
(1525,1.0470069929669521E-4)
(9625,1.0470069929669521E-4)
(1421,1.0470069929669521E-4)
(7125,1.0470069929669521E-4)
(7317,1.0470069929669521E-4)
(9441,1.0470069929669521E-4)
(8617,1.0470069929669521E-4)
(9421,1.0470069929669521E-4)
(3781,1.0470069929669521E-4)
(3085,1.0470069929669521E-4)
(473,1.0470069929669521E-4)
(1741,1.0470069929669521E-4)
(5521,1.0470069929669521E-4)
(2381,1.0470069929669521E-4)
(4001,1.5888125735610845E-5)
(2013,1.0470069929669521E-4)
(2549,1.0470069929669521E-4)
(5101,1.5888125735610845E-5)
(37,1.0470069929669521E-4)
(8441,1.0470069929669521E-4)
(185,1.0470069929669521E-4)
(7309,8.134213026403417E-5)
(2437,1.0470069929669521E-4)
(9629,1.0470069929669521E-4)
(8941,1.0470069929669521E-4)
(4981,1.0470069929669521E-4)
(4549,1.0470069929669521E-4)
(309,8.134213026403417E-5)
(5121,1.0470069929669521E-4)
(2913,1.0470069929669521E-4)
(2921,1.0470069929669521E-4)
(6361,1.0470069929669521E-4)
(6961,1.0470069929669521E-4)
(4941,1.0470069929669521E-4)
(1881,1.0470069929669521E-4)
(3005,5.890776462131795E-5)
(5345,1.0470069929669521E-4)
(5137,1.0470069929669521E-4)
(7389,1.0470069929669521E-4)
(8745,1.0470069929669521E-4)
(7517,1.0470069929669521E-4)
(2969,1.0470069929669521E-4)
(3565,1.0470069929669521E-4)
(5545,1.0470069929669521E-4)
(6021,1.0470069929669521E-4)
(7261,1.0470069929669521E-4)
(3729,1.0470069929669521E-4)
(9793,1.0470069929669521E-4)
(113,1.0470069929669521E-4)
(2225,1.0470069929669521E-4)
(3905,5.890776462131795E-5)
(4325,1.0470069929669521E-4)
(4329,1.0470069929669521E-4)
(5093,1.0470069929669521E-4)
(5317,1.0470069929669521E-4)
(5485,1.0470069929669521E-4)
(2601,1.5888125735610845E-5)
(8349,1.0470069929669521E-4)
(9277,1.0470069929669521E-4)
(5649,1.0470069929669521E-4)
(9761,1.0470069929669521E-4)
(525,1.0470069929669521E-4)
(7153,1.0470069929669521E-4)
(7569,1.0470069929669521E-4)
(8933,1.0470069929669521E-4)
(413,1.0470069929669521E-4)
(2029,1.0470069929669521E-4)
(3213,1.0470069929669521E-4)
(7897,1.0470069929669521E-4)
(1357,1.0470069929669521E-4)
(5833,1.0470069929669521E-4)
(9093,1.0470069929669521E-4)
(3849,1.0470069929669521E-4)
(4453,1.0470069929669521E-4)
(6073,1.0470069929669521E-4)
(8413,1.0470069929669521E-4)
(5377,1.0470069929669521E-4)
(5645,1.0470069929669521E-4)
(5901,1.5888125735610845E-5)
(9865,1.0470069929669521E-4)
(1869,1.0470069929669521E-4)
(793,1.0470069929669521E-4)
(2965,1.0470069929669521E-4)
(761,1.0470069929669521E-4)
(7473,1.0470069929669521E-4)
(57,1.0470069929669521E-4)
(6365,1.0470069929669521E-4)
(1765,1.0470069929669521E-4)
(5085,1.0470069929669521E-4)
(5381,1.0470069929669521E-4)
(6949,1.0470069929669521E-4)
(5097,1.0470069929669521E-4)
(2469,1.0470069929669521E-4)
(4321,1.0470069929669521E-4)
(3313,1.0470069929669521E-4)
(9841,1.0470069929669521E-4)
(1193,1.0470069929669521E-4)
(49,1.0470069929669521E-4)
(7237,1.0470069929669521E-4)
(1085,1.0470069929669521E-4)
(2249,1.0470069929669521E-4)
(9417,1.0470069929669521E-4)
(693,1.0470069929669521E-4)
(2341,1.0470069929669521E-4)
(2625,1.0470069929669521E-4)
(6445,1.0470069929669521E-4)
(7289,1.0470069929669521E-4)
(4861,1.0470069929669521E-4)
(4417,1.0470069929669521E-4)
(4181,1.0470069929669521E-4)
(5193,1.0470069929669521E-4)
(8125,1.0470069929669521E-4)
(7225,1.0470069929669521E-4)
(4873,1.0470069929669521E-4)
(9669,1.0470069929669521E-4)
(717,1.0470069929669521E-4)
(1161,1.0470069929669521E-4)
(1941,1.0470069929669521E-4)
(3489,1.0470069929669521E-4)
(7765,1.0470069929669521E-4)
(6765,1.0470069929669521E-4)
(7265,1.0470069929669521E-4)
(8053,1.0470069929669521E-4)
(8765,1.0470069929669521E-4)
(5013,1.0470069929669521E-4)
(9433,1.0470069929669521E-4)
(2849,1.0470069929669521E-4)
(8705,5.890776462131795E-5)
(889,1.0470069929669521E-4)
(9205,5.890776462131795E-5)
(2125,1.0470069929669521E-4)
(317,1.0470069929669521E-4)
(813,1.0470069929669521E-4)
(6069,1.0470069929669521E-4)
(1469,1.0470069929669521E-4)
(141,1.0470069929669521E-4)
(221,1.0470069929669521E-4)
(6133,1.0470069929669521E-4)
(1273,1.0470069929669521E-4)
(8437,1.0470069929669521E-4)
(6493,1.0470069929669521E-4)
(3469,1.0470069929669521E-4)
(1113,1.0470069929669521E-4)
(2177,1.0470069929669521E-4)
(4277,1.0470069929669521E-4)
(745,1.0470069929669521E-4)
(1401,1.5888125735610845E-5)
(4717,1.0470069929669521E-4)
(917,1.0470069929669521E-4)
(7233,1.0470069929669521E-4)
(1621,1.0470069929669521E-4)
(6449,1.0470069929669521E-4)
(4473,1.0470069929669521E-4)
(5045,1.0470069929669521E-4)
(8797,1.0470069929669521E-4)
(4189,1.0470069929669521E-4)
(9949,1.0470069929669521E-4)
(2077,1.0470069929669521E-4)
(593,1.0470069929669521E-4)
(4073,1.0470069929669521E-4)
(6485,1.0470069929669521E-4)
(2833,1.0470069929669521E-4)
(4265,1.0470069929669521E-4)
(6025,1.0470069929669521E-4)
(2157,1.0470069929669521E-4)
(105,5.890776462131795E-5)
(125,1.0470069929669521E-4)
(157,1.0470069929669521E-4)
(1665,1.0470069929669521E-4)
(9101,1.5888125735610845E-5)
(1429,1.0470069929669521E-4)
(9753,1.0470069929669521E-4)
(625,1.0470069929669521E-4)
(4833,1.0470069929669521E-4)
(8961,1.0470069929669521E-4)
(2589,1.0470069929669521E-4)
(4693,1.0470069929669521E-4)
(2997,1.0470069929669521E-4)
(4157,1.0470069929669521E-4)
(5297,1.0470069929669521E-4)
(6721,1.0470069929669521E-4)
(7721,1.0470069929669521E-4)
(3069,1.0470069929669521E-4)
(7181,1.0470069929669521E-4)
(1169,1.0470069929669521E-4)
(725,1.0470069929669521E-4)
(1725,1.0470069929669521E-4)
(6289,1.0470069929669521E-4)
(2817,1.0470069929669521E-4)
(8309,8.134213026403417E-5)
(8477,1.0470069929669521E-4)
(9045,1.0470069929669521E-4)
(657,1.0470069929669521E-4)
(713,1.0470069929669521E-4)
(6285,1.0470069929669521E-4)
(9693,1.0470069929669521E-4)
(7577,1.0470069929669521E-4)
(7649,1.0470069929669521E-4)
(837,1.0470069929669521E-4)
(9353,1.0470069929669521E-4)
(8197,1.0470069929669521E-4)
(9321,1.0470069929669521E-4)
(1589,1.0470069929669521E-4)
(9805,5.890776462131795E-5)
(9065,1.0470069929669521E-4)
(8133,1.0470069929669521E-4)
(4461,1.0470069929669521E-4)
(9069,1.0470069929669521E-4)
(7201,1.5888125735610845E-5)
(7129,1.0470069929669521E-4)
(617,1.0470069929669521E-4)
(1845,1.0470069929669521E-4)
(1213,1.0470069929669521E-4)
(3349,1.0470069929669521E-4)
(6141,1.0470069929669521E-4)
(6901,1.5888125735610845E-5)
(3041,1.0470069929669521E-4)
(1361,1.0470069929669521E-4)
(6489,1.0470069929669521E-4)
(9393,1.0470069929669521E-4)
(2769,1.0470069929669521E-4)
(6513,1.0470069929669521E-4)
(8457,1.0470069929669521E-4)
(3117,1.0470069929669521E-4)
(1313,1.0470069929669521E-4)
(8085,1.0470069929669521E-4)
(1309,8.134213026403417E-5)
(85,1.0470069929669521E-4)
(405,5.890776462131795E-5)
(789,1.0470069929669521E-4)
(5561,1.0470069929669521E-4)
(2369,1.0470069929669521E-4)
(4261,1.0470069929669521E-4)
(3545,1.0470069929669521E-4)
(6169,1.0470069929669521E-4)
(8877,1.0470069929669521E-4)
(9953,1.0470069929669521E-4)
(1993,1.0470069929669521E-4)
(225,1.0470069929669521E-4)
(4373,1.0470069929669521E-4)
(6377,1.0470069929669521E-4)
(5821,1.0470069929669521E-4)
(3485,1.0470069929669521E-4)
(7593,1.0470069929669521E-4)
(5489,1.0470069929669521E-4)
(3153,1.0470069929669521E-4)
(465,1.0470069929669521E-4)
(9001,1.5888125735610845E-5)
(9925,1.0470069929669521E-4)
(7069,1.0470069929669521E-4)
(8917,1.0470069929669521E-4)
(3237,1.0470069929669521E-4)
(6029,1.0470069929669521E-4)
(9773,1.0470069929669521E-4)
(8397,1.0470069929669521E-4)
(7625,1.0470069929669521E-4)
(8301,1.5888125735610845E-5)
(2285,1.0470069929669521E-4)
(4021,1.0470069929669521E-4)
(8461,1.0470069929669521E-4)
(7105,5.890776462131795E-5)
(1633,1.0470069929669521E-4)
(9853,1.0470069929669521E-4)
(6853,1.0470069929669521E-4)
(3757,1.0470069929669521E-4)
(205,5.890776462131795E-5)
(8013,1.0470069929669521E-4)
(6665,1.0470069929669521E-4)
(873,1.0470069929669521E-4)
(1929,1.0470069929669521E-4)
(1593,1.0470069929669521E-4)
(7033,1.0470069929669521E-4)
(2841,1.0470069929669521E-4)
(7909,8.134213026403417E-5)
(7045,1.0470069929669521E-4)
(2821,1.0470069929669521E-4)
(6353,1.0470069929669521E-4)
(1557,1.0470069929669521E-4)
(1093,1.0470069929669521E-4)
(7777,1.0470069929669521E-4)
(989,1.0470069929669521E-4)
(4837,1.0470069929669521E-4)
(4317,1.0470069929669521E-4)
(5305,5.890776462131795E-5)
(3941,1.0470069929669521E-4)
(6885,1.0470069929669521E-4)
(6553,1.0470069929669521E-4)
(7413,1.0470069929669521E-4)
(521,1.0470069929669521E-4)
(4149,1.0470069929669521E-4)
(4653,1.0470069929669521E-4)
(8601,1.5888125735610845E-5)
(6821,1.0470069929669521E-4)
(1001,1.5888125735610845E-5)
(9097,1.0470069929669521E-4)
(8597,1.0470069929669521E-4)
(5777,1.0470069929669521E-4)
(9801,1.5888125735610845E-5)
(377,1.0470069929669521E-4)
(6217,1.0470069929669521E-4)
(7869,1.0470069929669521E-4)
(9429,1.0470069929669521E-4)
(9477,1.0470069929669521E-4)
(3141,1.0470069929669521E-4)
(2353,1.0470069929669521E-4)
(8621,1.0470069929669521E-4)
(3525,1.0470069929669521E-4)
