(6346,1.0470069929669521E-4)
(7942,1.0470069929669521E-4)
(7410,8.501325886262295E-5)
(1410,8.501325886262295E-5)
(9166,1.0470069929669521E-4)
(3702,2.9391220523344354E-5)
(3066,1.0470069929669521E-4)
(6754,1.0470069929669521E-4)
(4038,1.0470069929669521E-4)
(4374,1.0470069929669521E-4)
(5618,1.0470069929669521E-4)
(9962,1.0470069929669521E-4)
(8786,1.0470069929669521E-4)
(5354,1.0470069929669521E-4)
(1894,1.0470069929669521E-4)
(4926,1.0470069929669521E-4)
(8074,1.0470069929669521E-4)
(466,1.0470069929669521E-4)
(8906,6.595084287305437E-5)
(6410,8.501325886262295E-5)
(2958,1.0470069929669521E-4)
(5814,1.0470069929669521E-4)
(4310,8.501325886262295E-5)
(8390,1.0470069929669521E-4)
(8370,1.0470069929669521E-4)
(6270,1.0470069929669521E-4)
(9726,1.0470069929669521E-4)
(1466,1.0470069929669521E-4)
(3706,6.595084287305437E-5)
(2334,1.0470069929669521E-4)
(9846,1.0470069929669521E-4)
(7918,1.0470069929669521E-4)
(5638,1.0470069929669521E-4)
(8218,1.0470069929669521E-4)
(2506,6.595084287305437E-5)
(8078,1.0470069929669521E-4)
(450,1.0470069929669521E-4)
(2594,1.0470069929669521E-4)
(6778,1.0470069929669521E-4)
(1830,1.0470069929669521E-4)
(7886,1.0470069929669521E-4)
(2346,1.0470069929669521E-4)
(4582,1.0470069929669521E-4)
(3650,1.0470069929669521E-4)
(1390,1.0470069929669521E-4)
(8810,8.501325886262295E-5)
(1630,1.0470069929669521E-4)
(6538,1.0470069929669521E-4)
(2602,2.9391220523344354E-5)
(8234,1.0470069929669521E-4)
(9274,1.0470069929669521E-4)
(1550,1.0470069929669521E-4)
(6006,6.595084287305437E-5)
(6642,1.0470069929669521E-4)
(1182,1.0470069929669521E-4)
(2938,1.0470069929669521E-4)
(558,1.0470069929669521E-4)
(1150,1.0470069929669521E-4)
(7394,1.0470069929669521E-4)
(6450,1.0470069929669521E-4)
(9154,1.0470069929669521E-4)
(8278,1.0470069929669521E-4)
(9606,6.595084287305437E-5)
(1046,1.0470069929669521E-4)
(1310,8.501325886262295E-5)
(1202,2.9391220523344354E-5)
(2718,1.0470069929669521E-4)
(5754,1.0470069929669521E-4)
(3922,1.0470069929669521E-4)
(2706,6.595084287305437E-5)
(3118,1.0470069929669521E-4)
(1158,1.0470069929669521E-4)
(7098,1.0470069929669521E-4)
(5090,1.0470069929669521E-4)
(7034,1.0470069929669521E-4)
(338,1.0470069929669521E-4)
(3858,1.0470069929669521E-4)
(7134,1.0470069929669521E-4)
(8386,1.0470069929669521E-4)
(5506,6.595084287305437E-5)
(1670,1.0470069929669521E-4)
(8238,1.0470069929669521E-4)
(6818,1.0470069929669521E-4)
(5898,1.0470069929669521E-4)
(9482,1.0470069929669521E-4)
(1098,1.0470069929669521E-4)
(4226,1.0470069929669521E-4)
(9334,1.0470069929669521E-4)
(266,1.0470069929669521E-4)
(834,1.0470069929669521E-4)
(5718,1.0470069929669521E-4)
(5746,1.0470069929669521E-4)
(2618,1.0470069929669521E-4)
(4742,1.0470069929669521E-4)
(9142,1.0470069929669521E-4)
(2174,1.0470069929669521E-4)
(4106,6.595084287305437E-5)
(9814,1.0470069929669521E-4)
(4126,1.0470069929669521E-4)
(2974,1.0470069929669521E-4)
(3270,1.0470069929669521E-4)
(6190,1.0470069929669521E-4)
(3974,1.0470069929669521E-4)
(2762,1.0470069929669521E-4)
(5850,1.0470069929669521E-4)
(3918,1.0470069929669521E-4)
(9530,1.0470069929669521E-4)
(3146,1.0470069929669521E-4)
(2790,1.0470069929669521E-4)
(3722,1.0470069929669521E-4)
(1678,1.0470069929669521E-4)
(3490,1.0470069929669521E-4)
(9762,1.0470069929669521E-4)
(4534,1.0470069929669521E-4)
(326,1.0470069929669521E-4)
(2246,1.0470069929669521E-4)
(8546,1.0470069929669521E-4)
(5522,1.0470069929669521E-4)
(7334,1.0470069929669521E-4)
(6674,1.0470069929669521E-4)
(2034,1.0470069929669521E-4)
(6498,1.0470069929669521E-4)
(9618,1.0470069929669521E-4)
(1186,1.0470069929669521E-4)
(4562,1.0470069929669521E-4)
(4306,6.595084287305437E-5)
(6710,8.501325886262295E-5)
(2198,1.0470069929669521E-4)
(5222,1.0470069929669521E-4)
(8426,1.0470069929669521E-4)
(2366,1.0470069929669521E-4)
(1906,6.595084287305437E-5)
(6306,6.595084287305437E-5)
(3910,8.501325886262295E-5)
(9742,1.0470069929669521E-4)
(2070,1.0470069929669521E-4)
(7446,1.0470069929669521E-4)
(1674,1.0470069929669521E-4)
(4682,1.0470069929669521E-4)
(6814,1.0470069929669521E-4)
(734,1.0470069929669521E-4)
(2398,1.0470069929669521E-4)
(7962,1.0470069929669521E-4)
(7666,1.0470069929669521E-4)
(9278,1.0470069929669521E-4)
(7550,1.0470069929669521E-4)
(9946,1.0470069929669521E-4)
(5394,1.0470069929669521E-4)
(2578,1.0470069929669521E-4)
(7558,1.0470069929669521E-4)
(150,1.0470069929669521E-4)
(3462,1.0470069929669521E-4)
(7570,1.0470069929669521E-4)
(5158,1.0470069929669521E-4)
(9246,1.0470069929669521E-4)
(3018,1.0470069929669521E-4)
(1042,1.0470069929669521E-4)
(5082,1.0470069929669521E-4)
(6726,1.0470069929669521E-4)
(8958,1.0470069929669521E-4)
(2886,1.0470069929669521E-4)
(4498,1.0470069929669521E-4)
(7146,1.0470069929669521E-4)
(9102,2.9391220523344354E-5)
(406,6.595084287305437E-5)
(4406,6.595084287305437E-5)
(874,1.0470069929669521E-4)
(3298,1.0470069929669521E-4)
(7138,1.0470069929669521E-4)
(162,1.0470069929669521E-4)
(6766,1.0470069929669521E-4)
(6414,1.0470069929669521E-4)
(1850,1.0470069929669521E-4)
(4878,1.0470069929669521E-4)
(6566,1.0470069929669521E-4)
(4198,1.0470069929669521E-4)
(6898,1.0470069929669521E-4)
(4398,1.0470069929669521E-4)
(6478,1.0470069929669521E-4)
(1218,1.0470069929669521E-4)
(4646,1.0470069929669521E-4)
(9822,1.0470069929669521E-4)
(7074,1.0470069929669521E-4)
(6722,1.0470069929669521E-4)
(994,1.0470069929669521E-4)
(7890,1.0470069929669521E-4)
(7218,1.0470069929669521E-4)
(9514,1.0470069929669521E-4)
(166,1.0470069929669521E-4)
(4258,1.0470069929669521E-4)
(1922,1.0470069929669521E-4)
(5170,1.0470069929669521E-4)
(9974,1.0470069929669521E-4)
(3602,2.9391220523344354E-5)
(1710,8.501325886262295E-5)
(3902,2.9391220523344354E-5)
(7590,1.0470069929669521E-4)
(5558,1.0470069929669521E-4)
(1014,1.0470069929669521E-4)
(8758,1.0470069929669521E-4)
(9106,6.595084287305437E-5)
(8030,1.0470069929669521E-4)
(1690,1.0470069929669521E-4)
(1750,1.0470069929669521E-4)
(2178,1.0470069929669521E-4)
(7322,1.0470069929669521E-4)
(6850,1.0470069929669521E-4)
(9838,1.0470069929669521E-4)
(9458,1.0470069929669521E-4)
(6970,1.0470069929669521E-4)
(498,1.0470069929669521E-4)
(7742,1.0470069929669521E-4)
(9886,1.0470069929669521E-4)
(306,6.595084287305437E-5)
(2206,6.595084287305437E-5)
(9250,1.0470069929669521E-4)
(282,1.0470069929669521E-4)
(3870,1.0470069929669521E-4)
(4954,1.0470069929669521E-4)
(3202,2.9391220523344354E-5)
(7770,1.0470069929669521E-4)
(5534,1.0470069929669521E-4)
(3374,1.0470069929669521E-4)
(9634,1.0470069929669521E-4)
(4730,1.0470069929669521E-4)
(298,1.0470069929669521E-4)
(9878,1.0470069929669521E-4)
(5186,1.0470069929669521E-4)
(5930,1.0470069929669521E-4)
(4266,1.0470069929669521E-4)
(2518,1.0470069929669521E-4)
(6602,2.9391220523344354E-5)
(702,2.9391220523344354E-5)
(7438,1.0470069929669521E-4)
(770,1.0470069929669521E-4)
(3590,1.0470069929669521E-4)
(5954,1.0470069929669521E-4)
(9802,2.9391220523344354E-5)
(3678,1.0470069929669521E-4)
(6078,1.0470069929669521E-4)
(4950,1.0470069929669521E-4)
(362,1.0470069929669521E-4)
(862,1.0470069929669521E-4)
(3658,1.0470069929669521E-4)
(1066,1.0470069929669521E-4)
(2514,1.0470069929669521E-4)
(5258,1.0470069929669521E-4)
(4598,1.0470069929669521E-4)
(6066,1.0470069929669521E-4)
(3398,1.0470069929669521E-4)
(5350,1.0470069929669521E-4)
(7246,1.0470069929669521E-4)
(1290,1.0470069929669521E-4)
(1726,1.0470069929669521E-4)
(9598,1.0470069929669521E-4)
(7494,1.0470069929669521E-4)
(9654,1.0470069929669521E-4)
(966,1.0470069929669521E-4)
(694,1.0470069929669521E-4)
(1898,1.0470069929669521E-4)
(4910,8.501325886262295E-5)
(4602,2.9391220523344354E-5)
(2426,1.0470069929669521E-4)
(922,1.0470069929669521E-4)
(1126,1.0470069929669521E-4)
(3470,1.0470069929669521E-4)
(1050,1.0470069929669521E-4)
(3846,1.0470069929669521E-4)
(6258,1.0470069929669521E-4)
(5062,1.0470069929669521E-4)
(4986,1.0470069929669521E-4)
(3554,1.0470069929669521E-4)
(8474,1.0470069929669521E-4)
(446,1.0470069929669521E-4)
(7670,1.0470069929669521E-4)
(8674,1.0470069929669521E-4)
(2646,1.0470069929669521E-4)
(4282,1.0470069929669521E-4)
(42,1.0470069929669521E-4)
(8594,1.0470069929669521E-4)
(2930,1.0470069929669521E-4)
(1730,1.0470069929669521E-4)
(8310,8.501325886262295E-5)
(9698,1.0470069929669521E-4)
(3930,1.0470069929669521E-4)
(4830,1.0470069929669521E-4)
(8658,1.0470069929669521E-4)
(7014,1.0470069929669521E-4)
(3946,1.0470069929669521E-4)
(7374,1.0470069929669521E-4)
(6886,1.0470069929669521E-4)
(7806,6.595084287305437E-5)
(2322,1.0470069929669521E-4)
(8018,1.0470069929669521E-4)
(6246,1.0470069929669521E-4)
(8770,1.0470069929669521E-4)
(930,1.0470069929669521E-4)
(2054,1.0470069929669521E-4)
(3274,1.0470069929669521E-4)
(9230,1.0470069929669521E-4)
(6094,1.0470069929669521E-4)
(7274,1.0470069929669521E-4)
(4590,1.0470069929669521E-4)
(906,6.595084287305437E-5)
(8602,2.9391220523344354E-5)
(3914,1.0470069929669521E-4)
(3790,1.0470069929669521E-4)
(7534,1.0470069929669521E-4)
(2030,1.0470069929669521E-4)
(7238,1.0470069929669521E-4)
(4810,8.501325886262295E-5)
(9330,1.0470069929669521E-4)
(1418,1.0470069929669521E-4)
(7254,1.0470069929669521E-4)
(8558,1.0470069929669521E-4)
(8982,1.0470069929669521E-4)
(1858,1.0470069929669521E-4)
(3810,8.501325886262295E-5)
(7142,1.0470069929669521E-4)
(2750,1.0470069929669521E-4)
(9222,1.0470069929669521E-4)
(5874,1.0470069929669521E-4)
(4802,2.9391220523344354E-5)
(3086,1.0470069929669521E-4)
(5570,1.0470069929669521E-4)
(4414,1.0470069929669521E-4)
(6470,1.0470069929669521E-4)
(482,1.0470069929669521E-4)
(3230,1.0470069929669521E-4)
(4494,1.0470069929669521E-4)
(2906,6.595084287305437E-5)
(5738,1.0470069929669521E-4)
(9394,1.0470069929669521E-4)
(9270,1.0470069929669521E-4)
(8990,1.0470069929669521E-4)
(2550,1.0470069929669521E-4)
(2586,1.0470069929669521E-4)
(1222,1.0470069929669521E-4)
(3330,1.0470069929669521E-4)
(4542,1.0470069929669521E-4)
(3186,1.0470069929669521E-4)
(9406,6.595084287305437E-5)
(850,1.0470069929669521E-4)
(3938,1.0470069929669521E-4)
(9902,2.9391220523344354E-5)
(1070,1.0470069929669521E-4)
(1294,1.0470069929669521E-4)
(2194,1.0470069929669521E-4)
(9810,8.501325886262295E-5)
(4974,1.0470069929669521E-4)
(5086,1.0470069929669521E-4)
(5910,8.501325886262295E-5)
(4786,1.0470069929669521E-4)
(5074,1.0470069929669521E-4)
(6302,2.9391220523344354E-5)
(7258,1.0470069929669521E-4)
(118,1.0470069929669521E-4)
(8522,1.0470069929669521E-4)
(3022,1.0470069929669521E-4)
(8734,1.0470069929669521E-4)
(846,1.0470069929669521E-4)
(858,1.0470069929669521E-4)
(6158,1.0470069929669521E-4)
(2338,1.0470069929669521E-4)
(658,1.0470069929669521E-4)
(6770,1.0470069929669521E-4)
(738,1.0470069929669521E-4)
(6658,1.0470069929669521E-4)
(9642,1.0470069929669521E-4)
(6002,2.9391220523344354E-5)
(1842,1.0470069929669521E-4)
(1622,1.0470069929669521E-4)
(2818,1.0470069929669521E-4)
(3090,1.0470069929669521E-4)
(9702,2.9391220523344354E-5)
(7226,1.0470069929669521E-4)
(1930,1.0470069929669521E-4)
(3370,1.0470069929669521E-4)
(4630,1.0470069929669521E-4)
(3542,1.0470069929669521E-4)
(6598,1.0470069929669521E-4)
(3378,1.0470069929669521E-4)
(9354,1.0470069929669521E-4)
(1870,1.0470069929669521E-4)
(958,1.0470069929669521E-4)
(7466,1.0470069929669521E-4)
(354,1.0470069929669521E-4)
(6490,1.0470069929669521E-4)
(7482,1.0470069929669521E-4)
(7638,1.0470069929669521E-4)
(7662,1.0470069929669521E-4)
(5146,1.0470069929669521E-4)
(106,6.595084287305437E-5)
(2926,1.0470069929669521E-4)
(8010,8.501325886262295E-5)
(3338,1.0470069929669521E-4)
(8330,1.0470069929669521E-4)
(6254,1.0470069929669521E-4)
(4794,1.0470069929669521E-4)
(9362,1.0470069929669521E-4)
(7078,1.0470069929669521E-4)
(2802,2.9391220523344354E-5)
(7506,6.595084287305437E-5)
(274,1.0470069929669521E-4)
(5614,1.0470069929669521E-4)
(9170,1.0470069929669521E-4)
(7586,1.0470069929669521E-4)
(2710,8.501325886262295E-5)
(2666,1.0470069929669521E-4)
(3742,1.0470069929669521E-4)
(5922,1.0470069929669521E-4)
(9382,1.0470069929669521E-4)
(7698,1.0470069929669521E-4)
(3882,1.0470069929669521E-4)
(8282,1.0470069929669521E-4)
(9970,1.0470069929669521E-4)
(182,1.0470069929669521E-4)
(6646,1.0470069929669521E-4)
(2326,1.0470069929669521E-4)
(8210,8.501325886262295E-5)
(4122,1.0470069929669521E-4)
(9346,1.0470069929669521E-4)
(1642,1.0470069929669521E-4)
(3394,1.0470069929669521E-4)
(7750,1.0470069929669521E-4)
(1326,1.0470069929669521E-4)
(6666,1.0470069929669521E-4)
(9282,1.0470069929669521E-4)
(6922,1.0470069929669521E-4)
(6974,1.0470069929669521E-4)
(5106,6.595084287305437E-5)
(5494,1.0470069929669521E-4)
(9254,1.0470069929669521E-4)
(7514,1.0470069929669521E-4)
(3474,1.0470069929669521E-4)
(8318,1.0470069929669521E-4)
(2438,1.0470069929669521E-4)
(5306,6.595084287305437E-5)
(1370,1.0470069929669521E-4)
(5698,1.0470069929669521E-4)
(9578,1.0470069929669521E-4)
(618,1.0470069929669521E-4)
(7378,1.0470069929669521E-4)
(7470,1.0470069929669521E-4)
(3762,1.0470069929669521E-4)
(4998,1.0470069929669521E-4)
(5870,1.0470069929669521E-4)
(670,1.0470069929669521E-4)
(5750,1.0470069929669521E-4)
(7082,1.0470069929669521E-4)
(3466,1.0470069929669521E-4)
(7898,1.0470069929669521E-4)
(5270,1.0470069929669521E-4)
(5594,1.0470069929669521E-4)
(9082,1.0470069929669521E-4)
(8910,8.501325886262295E-5)
(8054,1.0470069929669521E-4)
(3010,8.501325886262295E-5)
(622,1.0470069929669521E-4)
(5462,1.0470069929669521E-4)
(1802,2.9391220523344354E-5)
(4166,1.0470069929669521E-4)
(1818,1.0470069929669521E-4)
(5118,1.0470069929669521E-4)
(2170,1.0470069929669521E-4)
(9650,1.0470069929669521E-4)
(2386,1.0470069929669521E-4)
(5974,1.0470069929669521E-4)
(9674,1.0470069929669521E-4)
(418,1.0470069929669521E-4)
(6438,1.0470069929669521E-4)
(238,1.0470069929669521E-4)
(3690,1.0470069929669521E-4)
(6990,1.0470069929669521E-4)
(18,1.0470069929669521E-4)
(9218,1.0470069929669521E-4)
(1794,1.0470069929669521E-4)
(1214,1.0470069929669521E-4)
(3050,1.0470069929669521E-4)
(4342,1.0470069929669521E-4)
(1618,1.0470069929669521E-4)
(1722,1.0470069929669521E-4)
(6590,1.0470069929669521E-4)
(2918,1.0470069929669521E-4)
(7614,1.0470069929669521E-4)
(614,1.0470069929669521E-4)
(3062,1.0470069929669521E-4)
(8042,1.0470069929669521E-4)
(4170,1.0470069929669521E-4)
(3218,1.0470069929669521E-4)
(6650,1.0470069929669521E-4)
(5322,1.0470069929669521E-4)
(6462,1.0470069929669521E-4)
(370,1.0470069929669521E-4)
(2142,1.0470069929669521E-4)
(5602,2.9391220523344354E-5)
(8750,1.0470069929669521E-4)
(4838,1.0470069929669521E-4)
(62,1.0470069929669521E-4)
(4298,1.0470069929669521E-4)
(9914,1.0470069929669521E-4)
(6038,1.0470069929669521E-4)
(9678,1.0470069929669521E-4)
(2606,6.595084287305437E-5)
(3438,1.0470069929669521E-4)
(6,6.595084287305437E-5)
(1718,1.0470069929669521E-4)
(86,1.0470069929669521E-4)
(3818,1.0470069929669521E-4)
(6058,1.0470069929669521E-4)
(1450,1.0470069929669521E-4)
(3414,1.0470069929669521E-4)
(1462,1.0470069929669521E-4)
(1778,1.0470069929669521E-4)
(5758,1.0470069929669521E-4)
(398,1.0470069929669521E-4)
(1234,1.0470069929669521E-4)
(8446,1.0470069929669521E-4)
(1054,1.0470069929669521E-4)
(5070,1.0470069929669521E-4)
(8350,1.0470069929669521E-4)
(2538,1.0470069929669521E-4)
(7618,1.0470069929669521E-4)
(5278,1.0470069929669521E-4)
(9318,1.0470069929669521E-4)
(8730,1.0470069929669521E-4)
(638,1.0470069929669521E-4)
(5502,2.9391220523344354E-5)
(3250,1.0470069929669521E-4)
(3646,1.0470069929669521E-4)
(6098,1.0470069929669521E-4)
(426,1.0470069929669521E-4)
(262,1.0470069929669521E-4)
(6542,1.0470069929669521E-4)
(1206,6.595084287305437E-5)
(7674,1.0470069929669521E-4)
(7938,1.0470069929669521E-4)
(8002,2.9391220523344354E-5)
(2290,1.0470069929669521E-4)
(3046,1.0470069929669521E-4)
(358,1.0470069929669521E-4)
(978,1.0470069929669521E-4)
(1890,1.0470069929669521E-4)
(2446,1.0470069929669521E-4)
(242,1.0470069929669521E-4)
(2558,1.0470069929669521E-4)
(8826,1.0470069929669521E-4)
(6166,1.0470069929669521E-4)
(7170,1.0470069929669521E-4)
(2898,1.0470069929669521E-4)
(5466,1.0470069929669521E-4)
(1322,1.0470069929669521E-4)
(5446,1.0470069929669521E-4)
(8254,1.0470069929669521E-4)
(8154,1.0470069929669521E-4)
(6494,1.0470069929669521E-4)
(7902,2.9391220523344354E-5)
(2114,1.0470069929669521E-4)
(4346,1.0470069929669521E-4)
(9094,1.0470069929669521E-4)
(2890,1.0470069929669521E-4)
(2662,1.0470069929669521E-4)
(8314,1.0470069929669521E-4)
(2482,1.0470069929669521E-4)
(9718,1.0470069929669521E-4)
(486,1.0470069929669521E-4)
(3758,1.0470069929669521E-4)
(3346,1.0470069929669521E-4)
(2058,1.0470069929669521E-4)
(5474,1.0470069929669521E-4)
(3906,6.595084287305437E-5)
(3770,1.0470069929669521E-4)
(5302,2.9391220523344354E-5)
(6050,1.0470069929669521E-4)
(5818,1.0470069929669521E-4)
(4518,1.0470069929669521E-4)
(9694,1.0470069929669521E-4)
(7954,1.0470069929669521E-4)
(2674,1.0470069929669521E-4)
(5982,1.0470069929669521E-4)
(210,8.501325886262295E-5)
(3982,1.0470069929669521E-4)
(7418,1.0470069929669521E-4)
(2658,1.0470069929669521E-4)
(2722,1.0470069929669521E-4)
(642,1.0470069929669521E-4)
(1530,1.0470069929669521E-4)
(3366,1.0470069929669521E-4)
(2154,1.0470069929669521E-4)
(7830,1.0470069929669521E-4)
(1230,1.0470069929669521E-4)
(7194,1.0470069929669521E-4)
(3994,1.0470069929669521E-4)
(3162,1.0470069929669521E-4)
(5810,8.501325886262295E-5)
(6242,1.0470069929669521E-4)
(778,1.0470069929669521E-4)
(6402,2.9391220523344354E-5)
(8130,1.0470069929669521E-4)
(9134,1.0470069929669521E-4)
(4054,1.0470069929669521E-4)
(4738,1.0470069929669521E-4)
(1426,1.0470069929669521E-4)
(1786,1.0470069929669521E-4)
(5134,1.0470069929669521E-4)
(2242,1.0470069929669521E-4)
(2498,1.0470069929669521E-4)
(4718,1.0470069929669521E-4)
(9034,1.0470069929669521E-4)
(6786,1.0470069929669521E-4)
(7522,1.0470069929669521E-4)
(1330,1.0470069929669521E-4)
(1350,1.0470069929669521E-4)
(2806,6.595084287305437E-5)
(4938,1.0470069929669521E-4)
(986,1.0470069929669521E-4)
(3362,1.0470069929669521E-4)
(5046,1.0470069929669521E-4)
(8998,1.0470069929669521E-4)
(4006,6.595084287305437E-5)
(8566,1.0470069929669521E-4)
(5866,1.0470069929669521E-4)
(8022,1.0470069929669521E-4)
(2062,1.0470069929669521E-4)
(5990,1.0470069929669521E-4)
(9670,1.0470069929669521E-4)
(4778,1.0470069929669521E-4)
(8066,1.0470069929669521E-4)
(2486,1.0470069929669521E-4)
(1658,1.0470069929669521E-4)
(2234,1.0470069929669521E-4)
(8150,1.0470069929669521E-4)
(2362,1.0470069929669521E-4)
(3746,1.0470069929669521E-4)
(5946,1.0470069929669521E-4)
(1246,1.0470069929669521E-4)
(3130,1.0470069929669521E-4)
(8322,1.0470069929669521E-4)
(7798,1.0470069929669521E-4)
(2202,2.9391220523344354E-5)
(2814,1.0470069929669521E-4)
(4594,1.0470069929669521E-4)
(5406,6.595084287305437E-5)
(8882,1.0470069929669521E-4)
(366,1.0470069929669521E-4)
(4222,1.0470069929669521E-4)
(4694,1.0470069929669521E-4)
(7714,1.0470069929669521E-4)
(8954,1.0470069929669521E-4)
(2138,1.0470069929669521E-4)
(5962,1.0470069929669521E-4)
(350,1.0470069929669521E-4)
(5286,1.0470069929669521E-4)
(1754,1.0470069929669521E-4)
(5094,1.0470069929669521E-4)
(8902,2.9391220523344354E-5)
(1058,1.0470069929669521E-4)
(3302,2.9391220523344354E-5)
(8946,1.0470069929669521E-4)
(9522,1.0470069929669521E-4)
(842,1.0470069929669521E-4)
(9014,1.0470069929669521E-4)
(9126,1.0470069929669521E-4)
(6758,1.0470069929669521E-4)
(1654,1.0470069929669521E-4)
(2298,1.0470069929669521E-4)
(1782,1.0470069929669521E-4)
(434,1.0470069929669521E-4)
(5894,1.0470069929669521E-4)
(4362,1.0470069929669521E-4)
(4994,1.0470069929669521E-4)
(2250,1.0470069929669521E-4)
(4722,1.0470069929669521E-4)
(6706,6.595084287305437E-5)
(8090,1.0470069929669521E-4)
(4882,1.0470069929669521E-4)
(9754,1.0470069929669521E-4)
(1862,1.0470069929669521E-4)
(1062,1.0470069929669521E-4)
(2874,1.0470069929669521E-4)
(7946,1.0470069929669521E-4)
(698,1.0470069929669521E-4)
(1486,1.0470069929669521E-4)
(3970,1.0470069929669521E-4)
(3350,1.0470069929669521E-4)
(8158,1.0470069929669521E-4)
(8274,1.0470069929669521E-4)
(5998,1.0470069929669521E-4)
(7766,1.0470069929669521E-4)
(1006,6.595084287305437E-5)
(98,1.0470069929669521E-4)
(8374,1.0470069929669521E-4)
(8662,1.0470069929669521E-4)
(814,1.0470069929669521E-4)
(5482,1.0470069929669521E-4)
(7926,1.0470069929669521E-4)
(8714,1.0470069929669521E-4)
(6142,1.0470069929669521E-4)
(9594,1.0470069929669521E-4)
(1406,6.595084287305437E-5)
(2370,1.0470069929669521E-4)
(3886,1.0470069929669521E-4)
(7442,1.0470069929669521E-4)
(6562,1.0470069929669521E-4)
(2798,1.0470069929669521E-4)
(3730,1.0470069929669521E-4)
(2410,8.501325886262295E-5)
(5450,1.0470069929669521E-4)
(6866,1.0470069929669521E-4)
(9030,1.0470069929669521E-4)
(7894,1.0470069929669521E-4)
(1966,1.0470069929669521E-4)
(7174,1.0470069929669521E-4)
(854,1.0470069929669521E-4)
(3606,6.595084287305437E-5)
(5182,1.0470069929669521E-4)
(122,1.0470069929669521E-4)
(3058,1.0470069929669521E-4)
(4734,1.0470069929669521E-4)
(8346,1.0470069929669521E-4)
(7118,1.0470069929669521E-4)
(3422,1.0470069929669521E-4)
(4474,1.0470069929669521E-4)
(6790,1.0470069929669521E-4)
(5426,1.0470069929669521E-4)
(8034,1.0470069929669521E-4)
(9050,1.0470069929669521E-4)
(8962,1.0470069929669521E-4)
(7190,1.0470069929669521E-4)
(9090,1.0470069929669521E-4)
(1834,1.0470069929669521E-4)
(430,1.0470069929669521E-4)
(6954,1.0470069929669521E-4)
(6550,1.0470069929669521E-4)
(902,2.9391220523344354E-5)
(2130,1.0470069929669521E-4)
(9734,1.0470069929669521E-4)
(9306,6.595084287305437E-5)
(1030,1.0470069929669521E-4)
(1918,1.0470069929669521E-4)
(5042,1.0470069929669521E-4)
(6018,1.0470069929669521E-4)
(7462,1.0470069929669521E-4)
(9882,1.0470069929669521E-4)
(8230,1.0470069929669521E-4)
(2462,1.0470069929669521E-4)
(5026,1.0470069929669521E-4)
(5662,1.0470069929669521E-4)
(8138,1.0470069929669521E-4)
(9706,6.595084287305437E-5)
(3214,1.0470069929669521E-4)
(8366,1.0470069929669521E-4)
(2286,1.0470069929669521E-4)
(7582,1.0470069929669521E-4)
(4394,1.0470069929669521E-4)
(4386,1.0470069929669521E-4)
(2394,1.0470069929669521E-4)
(4678,1.0470069929669521E-4)
(2294,1.0470069929669521E-4)
(3666,1.0470069929669521E-4)
(8538,1.0470069929669521E-4)
(2622,1.0470069929669521E-4)
(4618,1.0470069929669521E-4)
(5994,1.0470069929669521E-4)
(4790,1.0470069929669521E-4)
(5398,1.0470069929669521E-4)
(786,1.0470069929669521E-4)
(7358,1.0470069929669521E-4)
(3318,1.0470069929669521E-4)
(9470,1.0470069929669521E-4)
(3190,1.0470069929669521E-4)
(7826,1.0470069929669521E-4)
(2774,1.0470069929669521E-4)
(8970,1.0470069929669521E-4)
(5098,1.0470069929669521E-4)
(2374,1.0470069929669521E-4)
(1994,1.0470069929669521E-4)
(1178,1.0470069929669521E-4)
(2582,1.0470069929669521E-4)
(5726,1.0470069929669521E-4)
(4150,1.0470069929669521E-4)
(7854,1.0470069929669521E-4)
(9490,1.0470069929669521E-4)
(9066,1.0470069929669521E-4)
(910,8.501325886262295E-5)
(7682,1.0470069929669521E-4)
(798,1.0470069929669521E-4)
(7574,1.0470069929669521E-4)
(4074,1.0470069929669521E-4)
(7402,2.9391220523344354E-5)
(9190,1.0470069929669521E-4)
(5742,1.0470069929669521E-4)
(7330,1.0470069929669521E-4)
(3322,1.0470069929669521E-4)
(9714,1.0470069929669521E-4)
(4130,1.0470069929669521E-4)
(9622,1.0470069929669521E-4)
(2654,1.0470069929669521E-4)
(5370,1.0470069929669521E-4)
(8622,1.0470069929669521E-4)
(1266,1.0470069929669521E-4)
(4510,8.501325886262295E-5)
(726,1.0470069929669521E-4)
(1766,1.0470069929669521E-4)
(6530,1.0470069929669521E-4)
(2490,1.0470069929669521E-4)
(1298,1.0470069929669521E-4)
(2150,1.0470069929669521E-4)
(4230,1.0470069929669521E-4)
(4186,1.0470069929669521E-4)
(1258,1.0470069929669521E-4)
(8342,1.0470069929669521E-4)
(3890,1.0470069929669521E-4)
(1346,1.0470069929669521E-4)
(3226,1.0470069929669521E-4)
(8102,2.9391220523344354E-5)
(1874,1.0470069929669521E-4)
(5330,1.0470069929669521E-4)
(6366,1.0470069929669521E-4)
(606,6.595084287305437E-5)
(1686,1.0470069929669521E-4)
(9058,1.0470069929669521E-4)
(8182,1.0470069929669521E-4)
(6526,1.0470069929669521E-4)
(6742,1.0470069929669521E-4)
(8038,1.0470069929669521E-4)
(678,1.0470069929669521E-4)
(4358,1.0470069929669521E-4)
(6318,1.0470069929669521E-4)
(7858,1.0470069929669521E-4)
(6502,2.9391220523344354E-5)
(7046,1.0470069929669521E-4)
(4094,1.0470069929669521E-4)
(190,1.0470069929669521E-4)
(4754,1.0470069929669521E-4)
(3458,1.0470069929669521E-4)
(4806,6.595084287305437E-5)
(4862,1.0470069929669521E-4)
(378,1.0470069929669521E-4)
(9658,1.0470069929669521E-4)
(4550,1.0470069929669521E-4)
(1306,6.595084287305437E-5)
(6878,1.0470069929669521E-4)
(7834,1.0470069929669521E-4)
(6678,1.0470069929669521E-4)
(9042,1.0470069929669521E-4)
(26,1.0470069929669521E-4)
(3898,1.0470069929669521E-4)
(8510,8.501325886262295E-5)
(6206,6.595084287305437E-5)
(4818,1.0470069929669521E-4)
(1534,1.0470069929669521E-4)
(6418,1.0470069929669521E-4)
(7734,1.0470069929669521E-4)
(1362,1.0470069929669521E-4)
(6294,1.0470069929669521E-4)
(5674,1.0470069929669521E-4)
(4782,1.0470069929669521E-4)
(9794,1.0470069929669521E-4)
(8710,8.501325886262295E-5)
(3778,1.0470069929669521E-4)
(9054,1.0470069929669521E-4)
(3310,8.501325886262295E-5)
(9518,1.0470069929669521E-4)
(2146,1.0470069929669521E-4)
(4622,1.0470069929669521E-4)
(3386,1.0470069929669521E-4)
(4182,1.0470069929669521E-4)
(9390,1.0470069929669521E-4)
(4502,2.9391220523344354E-5)
(294,1.0470069929669521E-4)
(7874,1.0470069929669521E-4)
(4698,1.0470069929669521E-4)
(6150,1.0470069929669521E-4)
(4102,2.9391220523344354E-5)
(6578,1.0470069929669521E-4)
(9982,1.0470069929669521E-4)
(9666,1.0470069929669521E-4)
(2350,1.0470069929669521E-4)
(9910,8.501325886262295E-5)
(634,1.0470069929669521E-4)
(6558,1.0470069929669521E-4)
(7866,1.0470069929669521E-4)
(70,1.0470069929669521E-4)
(7486,1.0470069929669521E-4)
(2166,1.0470069929669521E-4)
(6698,1.0470069929669521E-4)
(8926,1.0470069929669521E-4)
(3674,1.0470069929669521E-4)
(6570,1.0470069929669521E-4)
(2478,1.0470069929669521E-4)
(1998,1.0470069929669521E-4)
(6610,8.501325886262295E-5)
(9610,8.501325886262295E-5)
(562,1.0470069929669521E-4)
(5054,1.0470069929669521E-4)
(4854,1.0470069929669521E-4)
(7242,1.0470069929669521E-4)
(1342,1.0470069929669521E-4)
(3406,6.595084287305437E-5)
(1378,1.0470069929669521E-4)
(5658,1.0470069929669521E-4)
(2318,1.0470069929669521E-4)
(4546,1.0470069929669521E-4)
(3482,1.0470069929669521E-4)
(6458,1.0470069929669521E-4)
(9130,1.0470069929669521E-4)
(7982,1.0470069929669521E-4)
(8794,1.0470069929669521E-4)
(3694,1.0470069929669521E-4)
(4858,1.0470069929669521E-4)
(258,1.0470069929669521E-4)
(1286,1.0470069929669521E-4)
(8414,1.0470069929669521E-4)
(2314,1.0470069929669521E-4)
(6262,1.0470069929669521E-4)
(5130,1.0470069929669521E-4)
(2966,1.0470069929669521E-4)
(4702,2.9391220523344354E-5)
(3934,1.0470069929669521E-4)
(6546,1.0470069929669521E-4)
(5770,1.0470069929669521E-4)
(7810,8.501325886262295E-5)
(826,1.0470069929669521E-4)
(550,1.0470069929669521E-4)
(234,1.0470069929669521E-4)
(3194,1.0470069929669521E-4)
(3178,1.0470069929669521E-4)
(7398,1.0470069929669521E-4)
(762,1.0470069929669521E-4)
(3798,1.0470069929669521E-4)
(1166,1.0470069929669521E-4)
(130,1.0470069929669521E-4)
(4558,1.0470069929669521E-4)
(1434,1.0470069929669521E-4)
(6998,1.0470069929669521E-4)
(3562,1.0470069929669521E-4)
(1666,1.0470069929669521E-4)
(4022,1.0470069929669521E-4)
(6574,1.0470069929669521E-4)
(518,1.0470069929669521E-4)
(5126,1.0470069929669521E-4)
(5886,1.0470069929669521E-4)
(990,1.0470069929669521E-4)
(1358,1.0470069929669521E-4)
(8894,1.0470069929669521E-4)
(4846,1.0470069929669521E-4)
(5162,1.0470069929669521E-4)
(5310,8.501325886262295E-5)
(6218,1.0470069929669521E-4)
(7782,1.0470069929669521E-4)
(5934,1.0470069929669521E-4)
(7642,1.0470069929669521E-4)
(38,1.0470069929669521E-4)
(3206,6.595084287305437E-5)
(3082,1.0470069929669521E-4)
(2430,1.0470069929669521E-4)
(2714,1.0470069929669521E-4)
(2454,1.0470069929669521E-4)
(2442,1.0470069929669521E-4)
(1702,2.9391220523344354E-5)
(2842,1.0470069929669521E-4)
(6210,8.501325886262295E-5)
(3262,1.0470069929669521E-4)
(6434,1.0470069929669521E-4)
(6734,1.0470069929669521E-4)
(2066,1.0470069929669521E-4)
(4706,6.595084287305437E-5)
(7346,1.0470069929669521E-4)
(7006,6.595084287305437E-5)
(8582,1.0470069929669521E-4)
(1274,1.0470069929669521E-4)
(4354,1.0470069929669521E-4)
(1822,1.0470069929669521E-4)
(1926,1.0470069929669521E-4)
(3142,1.0470069929669521E-4)
(3854,1.0470069929669521E-4)
(5794,1.0470069929669521E-4)
(3234,1.0470069929669521E-4)
(2274,1.0470069929669521E-4)
(2158,1.0470069929669521E-4)
(3122,1.0470069929669521E-4)
(886,1.0470069929669521E-4)
(5622,1.0470069929669521E-4)
(1614,1.0470069929669521E-4)
(7702,2.9391220523344354E-5)
(1422,1.0470069929669521E-4)
(3642,1.0470069929669521E-4)
(3698,1.0470069929669521E-4)
(8506,6.595084287305437E-5)
(4190,1.0470069929669521E-4)
(2846,1.0470069929669521E-4)
(6070,1.0470069929669521E-4)
(5542,1.0470069929669521E-4)
(6510,8.501325886262295E-5)
(4514,1.0470069929669521E-4)
(6586,1.0470069929669521E-4)
(5822,1.0470069929669521E-4)
(898,1.0470069929669521E-4)
(2534,1.0470069929669521E-4)
(254,1.0470069929669521E-4)
(6110,8.501325886262295E-5)
(4978,1.0470069929669521E-4)
(1026,1.0470069929669521E-4)
(2894,1.0470069929669521E-4)
(7594,1.0470069929669521E-4)
(3442,1.0470069929669521E-4)
(6782,1.0470069929669521E-4)
(6446,1.0470069929669521E-4)
(822,1.0470069929669521E-4)
(7814,1.0470069929669521E-4)
(4046,1.0470069929669521E-4)
(2870,1.0470069929669521E-4)
(6126,1.0470069929669521E-4)
(8578,1.0470069929669521E-4)
(6442,1.0470069929669521E-4)
(7862,1.0470069929669521E-4)
(7314,1.0470069929669521E-4)
(9310,8.501325886262295E-5)
(4442,1.0470069929669521E-4)
(6390,1.0470069929669521E-4)
(7278,1.0470069929669521E-4)
(9366,1.0470069929669521E-4)
(5102,2.9391220523344354E-5)
(2698,1.0470069929669521E-4)
(178,1.0470069929669521E-4)
(2342,1.0470069929669521E-4)
(3958,1.0470069929669521E-4)
(4146,1.0470069929669521E-4)
(9002,2.9391220523344354E-5)
(3006,6.595084287305437E-5)
(5862,1.0470069929669521E-4)
(3334,1.0470069929669521E-4)
(8490,1.0470069929669521E-4)
(9590,1.0470069929669521E-4)
(3038,1.0470069929669521E-4)
(1090,1.0470069929669521E-4)
(8170,1.0470069929669521E-4)
(2106,6.595084287305437E-5)
(2702,2.9391220523344354E-5)
(394,1.0470069929669521E-4)
(1122,1.0470069929669521E-4)
(4322,1.0470069929669521E-4)
(5778,1.0470069929669521E-4)
(7686,1.0470069929669521E-4)
(7906,6.595084287305437E-5)
(8134,1.0470069929669521E-4)
(8222,1.0470069929669521E-4)
(882,1.0470069929669521E-4)
(206,6.595084287305437E-5)
(9486,1.0470069929669521E-4)
(3478,1.0470069929669521E-4)
(2830,1.0470069929669521E-4)
(8118,1.0470069929669521E-4)
(8482,1.0470069929669521E-4)
(4578,1.0470069929669521E-4)
(8922,1.0470069929669521E-4)
(806,6.595084287305437E-5)
(5798,1.0470069929669521E-4)
(2754,1.0470069929669521E-4)
(8294,1.0470069929669521E-4)
(6794,1.0470069929669521E-4)
(7162,1.0470069929669521E-4)
(7838,1.0470069929669521E-4)
(3802,2.9391220523344354E-5)
(6222,1.0470069929669521E-4)
(6374,1.0470069929669521E-4)
(8930,1.0470069929669521E-4)
(9442,1.0470069929669521E-4)
(2826,1.0470069929669521E-4)
(9342,1.0470069929669521E-4)
(4666,1.0470069929669521E-4)
(7262,1.0470069929669521E-4)
(134,1.0470069929669521E-4)
(970,1.0470069929669521E-4)
(8098,1.0470069929669521E-4)
(8862,1.0470069929669521E-4)
(8214,1.0470069929669521E-4)
(2102,2.9391220523344354E-5)
(6486,1.0470069929669521E-4)
(8706,6.595084287305437E-5)
(8306,6.595084287305437E-5)
(838,1.0470069929669521E-4)
(510,8.501325886262295E-5)
(8950,1.0470069929669521E-4)
(5806,6.595084287305437E-5)
(202,2.9391220523344354E-5)
(7690,1.0470069929669521E-4)
(7950,1.0470069929669521E-4)
(278,1.0470069929669521E-4)
(4586,1.0470069929669521E-4)
(2270,1.0470069929669521E-4)
(4690,1.0470069929669521E-4)
(3342,1.0470069929669521E-4)
(7966,1.0470069929669521E-4)
(5978,1.0470069929669521E-4)
(8986,1.0470069929669521E-4)
(5002,2.9391220523344354E-5)
(8082,1.0470069929669521E-4)
(2590,1.0470069929669521E-4)
(9234,1.0470069929669521E-4)
(718,1.0470069929669521E-4)
(7414,1.0470069929669521E-4)
(6146,1.0470069929669521E-4)
(4294,1.0470069929669521E-4)
(1094,1.0470069929669521E-4)
(4842,1.0470069929669521E-4)
(2014,1.0470069929669521E-4)
(7386,1.0470069929669521E-4)
(5334,1.0470069929669521E-4)
(6962,1.0470069929669521E-4)
(666,1.0470069929669521E-4)
(1974,1.0470069929669521E-4)
(1458,1.0470069929669521E-4)
(4350,1.0470069929669521E-4)
(6278,1.0470069929669521E-4)
(6730,1.0470069929669521E-4)
(4506,6.595084287305437E-5)
(2018,1.0470069929669521E-4)
(2050,1.0470069929669521E-4)
(3430,1.0470069929669521E-4)
(3526,1.0470069929669521E-4)
(8114,1.0470069929669521E-4)
(7654,1.0470069929669521E-4)
(6186,1.0470069929669521E-4)
(6010,8.501325886262295E-5)
(9710,8.501325886262295E-5)
(3182,1.0470069929669521E-4)
(1118,1.0470069929669521E-4)
(7126,1.0470069929669521E-4)
(9074,1.0470069929669521E-4)
(8718,1.0470069929669521E-4)
(4490,1.0470069929669521E-4)
(5274,1.0470069929669521E-4)
(8398,1.0470069929669521E-4)
(1134,1.0470069929669521E-4)
(7746,1.0470069929669521E-4)
(5374,1.0470069929669521E-4)
(7914,1.0470069929669521E-4)
(8382,1.0470069929669521E-4)
(9990,1.0470069929669521E-4)
(706,6.595084287305437E-5)
(5014,1.0470069929669521E-4)
(5006,6.595084287305437E-5)
(230,1.0470069929669521E-4)
(7650,1.0470069929669521E-4)
(8886,1.0470069929669521E-4)
(9286,1.0470069929669521E-4)
(5574,1.0470069929669521E-4)
(802,2.9391220523344354E-5)
(8142,1.0470069929669521E-4)
(7598,1.0470069929669521E-4)
(2650,1.0470069929669521E-4)
(8362,1.0470069929669521E-4)
(9874,1.0470069929669521E-4)
(3426,1.0470069929669521E-4)
(610,8.501325886262295E-5)
(1334,1.0470069929669521E-4)
(50,1.0470069929669521E-4)
(2522,1.0470069929669521E-4)
(2922,1.0470069929669521E-4)
(1082,1.0470069929669521E-4)
(8642,1.0470069929669521E-4)
(8774,1.0470069929669521E-4)
(4762,1.0470069929669521E-4)
(9906,6.595084287305437E-5)
(2954,1.0470069929669521E-4)
(4214,1.0470069929669521E-4)
(154,1.0470069929669521E-4)
(4650,1.0470069929669521E-4)
(1586,1.0470069929669521E-4)
(5786,1.0470069929669521E-4)
(6934,1.0470069929669521E-4)
(9870,1.0470069929669521E-4)
(5562,1.0470069929669521E-4)
(422,1.0470069929669521E-4)
(9446,1.0470069929669521E-4)
(7298,1.0470069929669521E-4)
(3626,1.0470069929669521E-4)
(3962,1.0470069929669521E-4)
(8562,1.0470069929669521E-4)
(4254,1.0470069929669521E-4)
(8878,1.0470069929669521E-4)
(4662,1.0470069929669521E-4)
(2190,1.0470069929669521E-4)
(7182,1.0470069929669521E-4)
(7266,1.0470069929669521E-4)
(6370,1.0470069929669521E-4)
(1610,8.501325886262295E-5)
(2726,1.0470069929669521E-4)
(7110,8.501325886262295E-5)
(8458,1.0470069929669521E-4)
(3166,1.0470069929669521E-4)
(9834,1.0470069929669521E-4)
(374,1.0470069929669521E-4)
(7122,1.0470069929669521E-4)
(8806,6.595084287305437E-5)
(1194,1.0470069929669521E-4)
(7630,1.0470069929669521E-4)
(4370,1.0470069929669521E-4)
(4242,1.0470069929669521E-4)
(1302,2.9391220523344354E-5)
(2530,1.0470069929669521E-4)
(6358,1.0470069929669521E-4)
(5782,1.0470069929669521E-4)
(8754,1.0470069929669521E-4)
(2118,1.0470069929669521E-4)
(8646,1.0470069929669521E-4)
(3238,1.0470069929669521E-4)
(2230,1.0470069929669521E-4)
(7430,1.0470069929669521E-4)
(8738,1.0470069929669521E-4)
(8898,1.0470069929669521E-4)
(9918,1.0470069929669521E-4)
(2458,1.0470069929669521E-4)
(9214,1.0470069929669521E-4)
(9806,6.595084287305437E-5)
(8698,1.0470069929669521E-4)
(6750,1.0470069929669521E-4)
(2134,1.0470069929669521E-4)
(7002,2.9391220523344354E-5)
(7530,1.0470069929669521E-4)
(1110,8.501325886262295E-5)
(454,1.0470069929669521E-4)
(4018,1.0470069929669521E-4)
(9690,1.0470069929669521E-4)
(2002,2.9391220523344354E-5)
(6134,1.0470069929669521E-4)
(2354,1.0470069929669521E-4)
(4714,1.0470069929669521E-4)
(586,1.0470069929669521E-4)
(4890,1.0470069929669521E-4)
(6622,1.0470069929669521E-4)
(7922,1.0470069929669521E-4)
(2422,1.0470069929669521E-4)
(4014,1.0470069929669521E-4)
(14,1.0470069929669521E-4)
(4238,1.0470069929669521E-4)
(8050,1.0470069929669521E-4)
(8462,1.0470069929669521E-4)
(1338,1.0470069929669521E-4)
(1494,1.0470069929669521E-4)
(302,2.9391220523344354E-5)
(8438,1.0470069929669521E-4)
(5202,2.9391220523344354E-5)
(2078,1.0470069929669521E-4)
(9414,1.0470069929669521E-4)
(226,1.0470069929669521E-4)
(1430,1.0470069929669521E-4)
(318,1.0470069929669521E-4)
(1414,1.0470069929669521E-4)
(2850,1.0470069929669521E-4)
(4402,2.9391220523344354E-5)
(4278,1.0470069929669521E-4)
(7718,1.0470069929669521E-4)
(9926,1.0470069929669521E-4)
(5438,1.0470069929669521E-4)
(9570,1.0470069929669521E-4)
(3002,2.9391220523344354E-5)
(94,1.0470069929669521E-4)
(9582,1.0470069929669521E-4)
(5422,1.0470069929669521E-4)
(3518,1.0470069929669521E-4)
(1282,1.0470069929669521E-4)
(2010,8.501325886262295E-5)
(9370,1.0470069929669521E-4)
(7154,1.0470069929669521E-4)
(3710,8.501325886262295E-5)
(6118,1.0470069929669521E-4)
(8422,1.0470069929669521E-4)
(3566,1.0470069929669521E-4)
(3306,6.595084287305437E-5)
(9682,1.0470069929669521E-4)
(4574,1.0470069929669521E-4)
(5802,2.9391220523344354E-5)
(3998,1.0470069929669521E-4)
(5122,1.0470069929669521E-4)
(9498,1.0470069929669521E-4)
(7294,1.0470069929669521E-4)
(9958,1.0470069929669521E-4)
(6330,1.0470069929669521E-4)
(9198,1.0470069929669521E-4)
(646,1.0470069929669521E-4)
(4642,1.0470069929669521E-4)
(758,1.0470069929669521E-4)
(6178,1.0470069929669521E-4)
(7150,1.0470069929669521E-4)
(7658,1.0470069929669521E-4)
(2838,1.0470069929669521E-4)
(3282,1.0470069929669521E-4)
(7054,1.0470069929669521E-4)
(7958,1.0470069929669521E-4)
(3670,1.0470069929669521E-4)
(5206,6.595084287305437E-5)
(5554,1.0470069929669521E-4)
(8262,1.0470069929669521E-4)
(1386,1.0470069929669521E-4)
(58,1.0470069929669521E-4)
(8814,1.0470069929669521E-4)
(8110,8.501325886262295E-5)
(8394,1.0470069929669521E-4)
(9830,1.0470069929669521E-4)
(7234,1.0470069929669521E-4)
(878,1.0470069929669521E-4)
(9790,1.0470069929669521E-4)
(7454,1.0470069929669521E-4)
(2330,1.0470069929669521E-4)
(7758,1.0470069929669521E-4)
(7930,1.0470069929669521E-4)
(5178,1.0470069929669521E-4)
(2110,8.501325886262295E-5)
(1942,1.0470069929669521E-4)
(1714,1.0470069929669521E-4)
(918,1.0470069929669521E-4)
(6042,1.0470069929669521E-4)
(1970,1.0470069929669521E-4)
(9858,1.0470069929669521E-4)
(6298,1.0470069929669521E-4)
(1190,1.0470069929669521E-4)
(8286,1.0470069929669521E-4)
(7554,1.0470069929669521E-4)
(30,1.0470069929669521E-4)
(2634,1.0470069929669521E-4)
(754,1.0470069929669521E-4)
(1262,1.0470069929669521E-4)
(5938,1.0470069929669521E-4)
(9782,1.0470069929669521E-4)
(9686,1.0470069929669521E-4)
(4674,1.0470069929669521E-4)
(4418,1.0470069929669521E-4)
(3158,1.0470069929669521E-4)
(7678,1.0470069929669521E-4)
(8570,1.0470069929669521E-4)
(5058,1.0470069929669521E-4)
(9462,1.0470069929669521E-4)
(4798,1.0470069929669521E-4)
(2822,1.0470069929669521E-4)
(3294,1.0470069929669521E-4)
(3418,1.0470069929669521E-4)
(5646,1.0470069929669521E-4)
(7986,1.0470069929669521E-4)
(7282,1.0470069929669521E-4)
(9242,1.0470069929669521E-4)
(8226,1.0470069929669521E-4)
(506,6.595084287305437E-5)
(7050,1.0470069929669521E-4)
(5914,1.0470069929669521E-4)
(9850,1.0470069929669521E-4)
(7934,1.0470069929669521E-4)
(4334,1.0470069929669521E-4)
(2626,1.0470069929669521E-4)
(2910,8.501325886262295E-5)
(3834,1.0470069929669521E-4)
(470,1.0470069929669521E-4)
(5966,1.0470069929669521E-4)
(8070,1.0470069929669521E-4)
(6074,1.0470069929669521E-4)
(8682,1.0470069929669521E-4)
(7818,1.0470069929669521E-4)
(4814,1.0470069929669521E-4)
(1854,1.0470069929669521E-4)
(9478,1.0470069929669521E-4)
(8434,1.0470069929669521E-4)
(4450,1.0470069929669521E-4)
(6234,1.0470069929669521E-4)
(5282,1.0470069929669521E-4)
(7434,1.0470069929669521E-4)
(5358,1.0470069929669521E-4)
(1398,1.0470069929669521E-4)
(7822,1.0470069929669521E-4)
(3434,1.0470069929669521E-4)
(1142,1.0470069929669521E-4)
(4770,1.0470069929669521E-4)
(9818,1.0470069929669521E-4)
(8934,1.0470069929669521E-4)
(2746,1.0470069929669521E-4)
(8354,1.0470069929669521E-4)
(1774,1.0470069929669521E-4)
(6310,8.501325886262295E-5)
(7038,1.0470069929669521E-4)
(8654,1.0470069929669521E-4)
(174,1.0470069929669521E-4)
(7542,1.0470069929669521E-4)
(5826,1.0470069929669521E-4)
(2494,1.0470069929669521E-4)
(5150,1.0470069929669521E-4)
(3986,1.0470069929669521E-4)
(34,1.0470069929669521E-4)
(9506,6.595084287305437E-5)
(3966,1.0470069929669521E-4)
(7846,1.0470069929669521E-4)
(1518,1.0470069929669521E-4)
(2306,6.595084287305437E-5)
(6202,2.9391220523344354E-5)
(7726,1.0470069929669521E-4)
(9110,8.501325886262295E-5)
(8530,1.0470069929669521E-4)
(2378,1.0470069929669521E-4)
(8782,1.0470069929669521E-4)
(9150,1.0470069929669521E-4)
(1566,1.0470069929669521E-4)
(682,1.0470069929669521E-4)
(1826,1.0470069929669521E-4)
(4338,1.0470069929669521E-4)
(6426,1.0470069929669521E-4)
(1682,1.0470069929669521E-4)
(1454,1.0470069929669521E-4)
(5234,1.0470069929669521E-4)
(7090,1.0470069929669521E-4)
(74,1.0470069929669521E-4)
(2694,1.0470069929669521E-4)
(1226,1.0470069929669521E-4)
(9722,1.0470069929669521E-4)
(8766,1.0470069929669521E-4)
(1602,2.9391220523344354E-5)
(3534,1.0470069929669521E-4)
(2074,1.0470069929669521E-4)
(334,1.0470069929669521E-4)
(1106,6.595084287305437E-5)
(2678,1.0470069929669521E-4)
(2770,1.0470069929669521E-4)
(1470,1.0470069929669521E-4)
(5690,1.0470069929669521E-4)
(3794,1.0470069929669521E-4)
(5926,1.0470069929669521E-4)
(7498,1.0470069929669521E-4)
(9398,1.0470069929669521E-4)
(9290,1.0470069929669521E-4)
(9502,2.9391220523344354E-5)
(4538,1.0470069929669521E-4)
(890,1.0470069929669521E-4)
(8258,1.0470069929669521E-4)
(46,1.0470069929669521E-4)
(1538,1.0470069929669521E-4)
(2946,1.0470069929669521E-4)
(3546,1.0470069929669521E-4)
(1762,1.0470069929669521E-4)
(4142,1.0470069929669521E-4)
(5958,1.0470069929669521E-4)
(8838,1.0470069929669521E-4)
(5710,8.501325886262295E-5)
(4834,1.0470069929669521E-4)
(4382,1.0470069929669521E-4)
(6762,1.0470069929669521E-4)
(8818,1.0470069929669521E-4)
(4422,1.0470069929669521E-4)
(1102,2.9391220523344354E-5)
(6122,1.0470069929669521E-4)
(662,1.0470069929669521E-4)
(6994,1.0470069929669521E-4)
(114,1.0470069929669521E-4)
(1502,2.9391220523344354E-5)
(2210,8.501325886262295E-5)
(1498,1.0470069929669521E-4)
(3266,1.0470069929669521E-4)
(9314,1.0470069929669521E-4)
(7382,1.0470069929669521E-4)
(8250,1.0470069929669521E-4)
(2186,1.0470069929669521E-4)
(9098,1.0470069929669521E-4)
(8046,1.0470069929669521E-4)
(8858,1.0470069929669521E-4)
(6266,1.0470069929669521E-4)
(4746,1.0470069929669521E-4)
(8406,6.595084287305437E-5)
(1982,1.0470069929669521E-4)
(3030,1.0470069929669521E-4)
(158,1.0470069929669521E-4)
(750,1.0470069929669521E-4)
(5030,1.0470069929669521E-4)
(5442,1.0470069929669521E-4)
(9542,1.0470069929669521E-4)
(4410,8.501325886262295E-5)
(6326,1.0470069929669521E-4)
(1086,1.0470069929669521E-4)
(6802,2.9391220523344354E-5)
(686,1.0470069929669521E-4)
(2262,1.0470069929669521E-4)
(3754,1.0470069929669521E-4)
(7778,1.0470069929669521E-4)
(5154,1.0470069929669521E-4)
(4162,1.0470069929669521E-4)
(9418,1.0470069929669521E-4)
(6406,6.595084287305437E-5)
(5038,1.0470069929669521E-4)
(6106,6.595084287305437E-5)
(5050,1.0470069929669521E-4)
(5942,1.0470069929669521E-4)
(8334,1.0470069929669521E-4)
(290,1.0470069929669521E-4)
(5498,1.0470069929669521E-4)
(7066,1.0470069929669521E-4)
(7186,1.0470069929669521E-4)
(9358,1.0470069929669521E-4)
(1354,1.0470069929669521E-4)
(9258,1.0470069929669521E-4)
(818,1.0470069929669521E-4)
(714,1.0470069929669521E-4)
(8378,1.0470069929669521E-4)
(5882,1.0470069929669521E-4)
(3254,1.0470069929669521E-4)
(2026,1.0470069929669521E-4)
(3222,1.0470069929669521E-4)
(9046,1.0470069929669521E-4)
(6638,1.0470069929669521E-4)
(6738,1.0470069929669521E-4)
(8666,1.0470069929669521E-4)
(4826,1.0470069929669521E-4)
(6474,1.0470069929669521E-4)
(1170,1.0470069929669521E-4)
(1366,1.0470069929669521E-4)
(4234,1.0470069929669521E-4)
(4174,1.0470069929669521E-4)
(102,2.9391220523344354E-5)
(4454,1.0470069929669521E-4)
(5434,1.0470069929669521E-4)
(1914,1.0470069929669521E-4)
(5878,1.0470069929669521E-4)
(3686,1.0470069929669521E-4)
(4086,1.0470069929669521E-4)
(9422,1.0470069929669521E-4)
(6354,1.0470069929669521E-4)
(542,1.0470069929669521E-4)
(6938,1.0470069929669521E-4)
(6626,1.0470069929669521E-4)
(8914,1.0470069929669521E-4)
(9842,1.0470069929669521E-4)
(9430,1.0470069929669521E-4)
(7970,1.0470069929669521E-4)
(7270,1.0470069929669521E-4)
(5654,1.0470069929669521E-4)
(8298,1.0470069929669521E-4)
(534,1.0470069929669521E-4)
(3614,1.0470069929669521E-4)
(1938,1.0470069929669521E-4)
(4010,8.501325886262295E-5)
(1002,2.9391220523344354E-5)
(574,1.0470069929669521E-4)
(4118,1.0470069929669521E-4)
(4870,1.0470069929669521E-4)
(5630,1.0470069929669521E-4)
(6810,8.501325886262295E-5)
(3014,1.0470069929669521E-4)
(9026,1.0470069929669521E-4)
(2914,1.0470069929669521E-4)
(8614,1.0470069929669521E-4)
(66,1.0470069929669521E-4)
(7198,1.0470069929669521E-4)
(138,1.0470069929669521E-4)
(9898,1.0470069929669521E-4)
(3498,1.0470069929669521E-4)
(1706,6.595084287305437E-5)
(3942,1.0470069929669521E-4)
(4638,1.0470069929669521E-4)
(6290,1.0470069929669521E-4)
(5250,1.0470069929669521E-4)
(530,1.0470069929669521E-4)
(3314,1.0470069929669521E-4)
(7478,1.0470069929669521E-4)
(9602,2.9391220523344354E-5)
(4930,1.0470069929669521E-4)
(1606,6.595084287305437E-5)
(3174,1.0470069929669521E-4)
(1318,1.0470069929669521E-4)
(1866,1.0470069929669521E-4)
(5346,1.0470069929669521E-4)
(6718,1.0470069929669521E-4)
(3354,1.0470069929669521E-4)
(2434,1.0470069929669521E-4)
(3662,1.0470069929669521E-4)
(8526,1.0470069929669521E-4)
(3726,1.0470069929669521E-4)
(6518,1.0470069929669521E-4)
(6322,1.0470069929669521E-4)
(6174,1.0470069929669521E-4)
(2310,8.501325886262295E-5)
(5018,1.0470069929669521E-4)
(4614,1.0470069929669521E-4)
(6846,1.0470069929669521E-4)
(7026,1.0470069929669521E-4)
(4434,1.0470069929669521E-4)
(1242,1.0470069929669521E-4)
(1438,1.0470069929669521E-4)
(3842,1.0470069929669521E-4)
(6834,1.0470069929669521E-4)
(330,1.0470069929669521E-4)
(6826,1.0470069929669521E-4)
(5390,1.0470069929669521E-4)
(3766,1.0470069929669521E-4)
(2734,1.0470069929669521E-4)
(7474,1.0470069929669521E-4)
(6910,8.501325886262295E-5)
(9890,1.0470069929669521E-4)
(7290,1.0470069929669521E-4)
(8518,1.0470069929669521E-4)
(9122,1.0470069929669521E-4)
(9438,1.0470069929669521E-4)
(6378,1.0470069929669521E-4)
(742,1.0470069929669521E-4)
(4290,1.0470069929669521E-4)
(6522,1.0470069929669521E-4)
(3170,1.0470069929669521E-4)
(6398,1.0470069929669521E-4)
(3530,1.0470069929669521E-4)
(194,1.0470069929669521E-4)
(4670,1.0470069929669521E-4)
(7694,1.0470069929669521E-4)
(2902,2.9391220523344354E-5)
(6654,1.0470069929669521E-4)
(8014,1.0470069929669521E-4)
(2570,1.0470069929669521E-4)
(7738,1.0470069929669521E-4)
(5386,1.0470069929669521E-4)
(9966,1.0470069929669521E-4)
(1130,1.0470069929669521E-4)
(5598,1.0470069929669521E-4)
(5918,1.0470069929669521E-4)
(9118,1.0470069929669521E-4)
(5610,8.501325886262295E-5)
(6894,1.0470069929669521E-4)
(5730,1.0470069929669521E-4)
(9238,1.0470069929669521E-4)
(8842,1.0470069929669521E-4)
(8866,1.0470069929669521E-4)
(4430,1.0470069929669521E-4)
(722,1.0470069929669521E-4)
(1934,1.0470069929669521E-4)
(9534,1.0470069929669521E-4)
(4246,1.0470069929669521E-4)
(630,1.0470069929669521E-4)
(1270,1.0470069929669521E-4)
(9022,1.0470069929669521E-4)
(8242,1.0470069929669521E-4)
(8618,1.0470069929669521E-4)
(3154,1.0470069929669521E-4)
(8290,1.0470069929669521E-4)
(5174,1.0470069929669521E-4)
(5642,1.0470069929669521E-4)
(950,1.0470069929669521E-4)
(7502,2.9391220523344354E-5)
(6882,1.0470069929669521E-4)
(8534,1.0470069929669521E-4)
(894,1.0470069929669521E-4)
(1590,1.0470069929669521E-4)
(7974,1.0470069929669521E-4)
(4906,6.595084287305437E-5)
(110,8.501325886262295E-5)
(3750,1.0470069929669521E-4)
(8418,1.0470069929669521E-4)
(4606,6.595084287305437E-5)
(5530,1.0470069929669521E-4)
(322,1.0470069929669521E-4)
(4330,1.0470069929669521E-4)
(5842,1.0470069929669521E-4)
(3070,1.0470069929669521E-4)
(2642,1.0470069929669521E-4)
(3078,1.0470069929669521E-4)
(3714,1.0470069929669521E-4)
(9826,1.0470069929669521E-4)
(8590,1.0470069929669521E-4)
(1078,1.0470069929669521E-4)
(1638,1.0470069929669521E-4)
(218,1.0470069929669521E-4)
(4026,1.0470069929669521E-4)
(7802,2.9391220523344354E-5)
(4482,1.0470069929669521E-4)
(2182,1.0470069929669521E-4)
(2742,1.0470069929669521E-4)
(6534,1.0470069929669521E-4)
(2302,2.9391220523344354E-5)
(2682,1.0470069929669521E-4)
(2878,1.0470069929669521E-4)
(566,1.0470069929669521E-4)
(7526,1.0470069929669521E-4)
(9454,1.0470069929669521E-4)
(7018,1.0470069929669521E-4)
(6798,1.0470069929669521E-4)
(2542,1.0470069929669521E-4)
(3838,1.0470069929669521E-4)
(2546,1.0470069929669521E-4)
(2474,1.0470069929669521E-4)
(7562,1.0470069929669521E-4)
(4626,1.0470069929669521E-4)
(3278,1.0470069929669521E-4)
(4270,1.0470069929669521E-4)
(8686,1.0470069929669521E-4)
(9114,1.0470069929669521E-4)
(3826,1.0470069929669521E-4)
(6914,1.0470069929669521E-4)
(1578,1.0470069929669521E-4)
(4446,1.0470069929669521E-4)
(3786,1.0470069929669521E-4)
(8830,1.0470069929669521E-4)
(1814,1.0470069929669521E-4)
(2994,1.0470069929669521E-4)
(3034,1.0470069929669521E-4)
(1562,1.0470069929669521E-4)
(6382,1.0470069929669521E-4)
(3894,1.0470069929669521E-4)
(8726,1.0470069929669521E-4)
(3242,1.0470069929669521E-4)
(3094,1.0470069929669521E-4)
(2630,1.0470069929669521E-4)
(2986,1.0470069929669521E-4)
(4314,1.0470069929669521E-4)
(3618,1.0470069929669521E-4)
(8166,1.0470069929669521E-4)
(526,1.0470069929669521E-4)
(502,2.9391220523344354E-5)
(1738,1.0470069929669521E-4)
(5214,1.0470069929669521E-4)
(7318,1.0470069929669521E-4)
(1478,1.0470069929669521E-4)
(1662,1.0470069929669521E-4)
(7622,1.0470069929669521E-4)
(1074,1.0470069929669521E-4)
(8670,1.0470069929669521E-4)
(2526,1.0470069929669521E-4)
(9750,1.0470069929669521E-4)
(5858,1.0470069929669521E-4)
(9922,1.0470069929669521E-4)
(5230,1.0470069929669521E-4)
(2614,1.0470069929669521E-4)
(9226,1.0470069929669521E-4)
(270,1.0470069929669521E-4)
(1626,1.0470069929669521E-4)
(2418,1.0470069929669521E-4)
(998,1.0470069929669521E-4)
(5066,1.0470069929669521E-4)
(8502,2.9391220523344354E-5)
(2962,1.0470069929669521E-4)
(5194,1.0470069929669521E-4)
(90,1.0470069929669521E-4)
(6694,1.0470069929669521E-4)
(7490,1.0470069929669521E-4)
(5626,1.0470069929669521E-4)
(3950,1.0470069929669521E-4)
(8630,1.0470069929669521E-4)
(342,1.0470069929669521E-4)
(7910,8.501325886262295E-5)
(9538,1.0470069929669521E-4)
(9558,1.0470069929669521E-4)
(1114,1.0470069929669521E-4)
(2358,1.0470069929669521E-4)
(3622,1.0470069929669521E-4)
(9562,1.0470069929669521E-4)
(4194,1.0470069929669521E-4)
(1542,1.0470069929669521E-4)
(6554,1.0470069929669521E-4)
(8006,6.595084287305437E-5)
(9426,1.0470069929669521E-4)
(8694,1.0470069929669521E-4)
(4570,1.0470069929669521E-4)
(3198,1.0470069929669521E-4)
(142,1.0470069929669521E-4)
(538,1.0470069929669521E-4)
(6746,1.0470069929669521E-4)
(4850,1.0470069929669521E-4)
(1990,1.0470069929669521E-4)
(9402,2.9391220523344354E-5)
(250,1.0470069929669521E-4)
(4042,1.0470069929669521E-4)
(2942,1.0470069929669521E-4)
(710,8.501325886262295E-5)
(5242,1.0470069929669521E-4)
(690,1.0470069929669521E-4)
(5262,1.0470069929669521E-4)
(7606,6.595084287305437E-5)
(8186,1.0470069929669521E-4)
(8094,1.0470069929669521E-4)
(2,2.9391220523344354E-5)
(4138,1.0470069929669521E-4)
(5686,1.0470069929669521E-4)
(7214,1.0470069929669521E-4)
(554,1.0470069929669521E-4)
(1138,1.0470069929669521E-4)
(6854,1.0470069929669521E-4)
(6978,1.0470069929669521E-4)
(7706,6.595084287305437E-5)
(7222,1.0470069929669521E-4)
(1278,1.0470069929669521E-4)
(5430,1.0470069929669521E-4)
(5318,1.0470069929669521E-4)
(946,1.0470069929669521E-4)
(8586,1.0470069929669521E-4)
(2406,6.595084287305437E-5)
(4962,1.0470069929669521E-4)
(1554,1.0470069929669521E-4)
(1038,1.0470069929669521E-4)
(3926,1.0470069929669521E-4)
(5078,1.0470069929669521E-4)
(9494,1.0470069929669521E-4)
(2046,1.0470069929669521E-4)
(7326,1.0470069929669521E-4)
(746,1.0470069929669521E-4)
(5830,1.0470069929669521E-4)
(2042,1.0470069929669521E-4)
(7250,1.0470069929669521E-4)
(9774,1.0470069929669521E-4)
(938,1.0470069929669521E-4)
(5606,6.595084287305437E-5)
(3290,1.0470069929669521E-4)
(7030,1.0470069929669521E-4)
(4966,1.0470069929669521E-4)
(2970,1.0470069929669521E-4)
(9854,1.0470069929669521E-4)
(7370,1.0470069929669521E-4)
(7870,1.0470069929669521E-4)
(3862,1.0470069929669521E-4)
(4114,1.0470069929669521E-4)
(7602,2.9391220523344354E-5)
(870,1.0470069929669521E-4)
(4958,1.0470069929669521E-4)
(6014,1.0470069929669521E-4)
(8854,1.0470069929669521E-4)
(2082,1.0470069929669521E-4)
(7166,1.0470069929669521E-4)
(410,8.501325886262295E-5)
(2990,1.0470069929669521E-4)
(3582,1.0470069929669521E-4)
(1482,1.0470069929669521E-4)
(2766,1.0470069929669521E-4)
(5846,1.0470069929669521E-4)
(8338,1.0470069929669521E-4)
(8266,1.0470069929669521E-4)
(7546,1.0470069929669521E-4)
(8690,1.0470069929669521E-4)
(6594,1.0470069929669521E-4)
(5382,1.0470069929669521E-4)
(7390,1.0470069929669521E-4)
(4034,1.0470069929669521E-4)
(5854,1.0470069929669521E-4)
(3954,1.0470069929669521E-4)
(7342,1.0470069929669521E-4)
(5682,1.0470069929669521E-4)
(8466,1.0470069929669521E-4)
(3654,1.0470069929669521E-4)
(8634,1.0470069929669521E-4)
(478,1.0470069929669521E-4)
(8174,1.0470069929669521E-4)
(8610,8.501325886262295E-5)
(386,1.0470069929669521E-4)
(5586,1.0470069929669521E-4)
(7978,1.0470069929669521E-4)
(7102,2.9391220523344354E-5)
(7722,1.0470069929669521E-4)
(8326,1.0470069929669521E-4)
(7178,1.0470069929669521E-4)
(8486,1.0470069929669521E-4)
(1734,1.0470069929669521E-4)
(5538,1.0470069929669521E-4)
(8978,1.0470069929669521E-4)
(9546,1.0470069929669521E-4)
(346,1.0470069929669521E-4)
(5022,1.0470069929669521E-4)
(5198,1.0470069929669521E-4)
(146,1.0470069929669521E-4)
(2510,8.501325886262295E-5)
(514,1.0470069929669521E-4)
(4078,1.0470069929669521E-4)
(390,1.0470069929669521E-4)
(9586,1.0470069929669521E-4)
(934,1.0470069929669521E-4)
(2214,1.0470069929669521E-4)
(5298,1.0470069929669521E-4)
(4302,2.9391220523344354E-5)
(1570,1.0470069929669521E-4)
(4438,1.0470069929669521E-4)
(4526,1.0470069929669521E-4)
(1162,1.0470069929669521E-4)
(3382,1.0470069929669521E-4)
(5722,1.0470069929669521E-4)
(810,8.501325886262295E-5)
(7362,1.0470069929669521E-4)
(3822,1.0470069929669521E-4)
(9326,1.0470069929669521E-4)
(2854,1.0470069929669521E-4)
(3718,1.0470069929669521E-4)
(3054,1.0470069929669521E-4)
(8778,1.0470069929669521E-4)
(6422,1.0470069929669521E-4)
(4206,6.595084287305437E-5)
(8498,1.0470069929669521E-4)
(6342,1.0470069929669521E-4)
(1882,1.0470069929669521E-4)
(2778,1.0470069929669521E-4)
(8574,1.0470069929669521E-4)
(5314,1.0470069929669521E-4)
(954,1.0470069929669521E-4)
(3502,2.9391220523344354E-5)
(8850,1.0470069929669521E-4)
(2254,1.0470069929669521E-4)
(5950,1.0470069929669521E-4)
(5190,1.0470069929669521E-4)
(22,1.0470069929669521E-4)
(7998,1.0470069929669521E-4)
(3258,1.0470069929669521E-4)
(3538,1.0470069929669521E-4)
(6950,1.0470069929669521E-4)
(8798,1.0470069929669521E-4)
(9210,8.501325886262295E-5)
(6842,1.0470069929669521E-4)
(1838,1.0470069929669521E-4)
(6430,1.0470069929669521E-4)
(8550,1.0470069929669521E-4)
(3638,1.0470069929669521E-4)
(4866,1.0470069929669521E-4)
(9646,1.0470069929669521E-4)
(2882,1.0470069929669521E-4)
(626,1.0470069929669521E-4)
(2266,1.0470069929669521E-4)
(3358,1.0470069929669521E-4)
(5838,1.0470069929669521E-4)
(5678,1.0470069929669521E-4)
(3494,1.0470069929669521E-4)
(6154,1.0470069929669521E-4)
(1910,8.501325886262295E-5)
(9038,1.0470069929669521E-4)
(590,1.0470069929669521E-4)
(9322,1.0470069929669521E-4)
(1250,1.0470069929669521E-4)
(6282,1.0470069929669521E-4)
(6714,1.0470069929669521E-4)
(5266,1.0470069929669521E-4)
(6314,1.0470069929669521E-4)
(9930,1.0470069929669521E-4)
(6634,1.0470069929669521E-4)
(2554,1.0470069929669521E-4)
(6022,1.0470069929669521E-4)
(9746,1.0470069929669521E-4)
(7366,1.0470069929669521E-4)
(5702,2.9391220523344354E-5)
(962,1.0470069929669521E-4)
(1010,8.501325886262295E-5)
(2022,1.0470069929669521E-4)
(6902,2.9391220523344354E-5)
(4658,1.0470069929669521E-4)
(6046,1.0470069929669521E-4)
(5774,1.0470069929669521E-4)
(1402,2.9391220523344354E-5)
(246,1.0470069929669521E-4)
(8178,1.0470069929669521E-4)
(4098,1.0470069929669521E-4)
(6662,1.0470069929669521E-4)
(3126,1.0470069929669521E-4)
(1946,1.0470069929669521E-4)
(7350,1.0470069929669521E-4)
(2090,1.0470069929669521E-4)
(2610,8.501325886262295E-5)
(3990,1.0470069929669521E-4)
(6942,1.0470069929669521E-4)
(6806,6.595084287305437E-5)
(6966,1.0470069929669521E-4)
(3866,1.0470069929669521E-4)
(2786,1.0470069929669521E-4)
(9786,1.0470069929669521E-4)
(1198,1.0470069929669521E-4)
(2402,2.9391220523344354E-5)
(5634,1.0470069929669521E-4)
(3210,8.501325886262295E-5)
(9554,1.0470069929669521E-4)
(78,1.0470069929669521E-4)
(8194,1.0470069929669521E-4)
(494,1.0470069929669521E-4)
(4178,1.0470069929669521E-4)
(8514,1.0470069929669521E-4)
(9178,1.0470069929669521E-4)
(7566,1.0470069929669521E-4)
(782,1.0470069929669521E-4)
(4918,1.0470069929669521E-4)
(9174,1.0470069929669521E-4)
(5410,8.501325886262295E-5)
(8106,6.595084287305437E-5)
(8122,1.0470069929669521E-4)
(9350,1.0470069929669521E-4)
(3150,1.0470069929669521E-4)
(6982,1.0470069929669521E-4)
(1758,1.0470069929669521E-4)
(310,8.501325886262295E-5)
(8058,1.0470069929669521E-4)
(9758,1.0470069929669521E-4)
(6102,2.9391220523344354E-5)
(774,1.0470069929669521E-4)
(4286,1.0470069929669521E-4)
(1770,1.0470069929669521E-4)
(3610,8.501325886262295E-5)
(4050,1.0470069929669521E-4)
(6350,1.0470069929669521E-4)
(6086,1.0470069929669521E-4)
(1374,1.0470069929669521E-4)
(7114,1.0470069929669521E-4)
(794,1.0470069929669521E-4)
(438,1.0470069929669521E-4)
(5490,1.0470069929669521E-4)
(1574,1.0470069929669521E-4)
(8126,1.0470069929669521E-4)
(5734,1.0470069929669521E-4)
(8938,1.0470069929669521E-4)
(2686,1.0470069929669521E-4)
(5414,1.0470069929669521E-4)
(6890,1.0470069929669521E-4)
(1210,8.501325886262295E-5)
(9078,1.0470069929669521E-4)
(3454,1.0470069929669521E-4)
(3574,1.0470069929669521E-4)
(602,2.9391220523344354E-5)
(7774,1.0470069929669521E-4)
(4874,1.0470069929669521E-4)
(2782,1.0470069929669521E-4)
(4210,8.501325886262295E-5)
(1146,1.0470069929669521E-4)
(474,1.0470069929669521E-4)
(5114,1.0470069929669521E-4)
(8554,1.0470069929669521E-4)
(4894,1.0470069929669521E-4)
(5766,1.0470069929669521E-4)
(5110,8.501325886262295E-5)
(650,1.0470069929669521E-4)
(4470,1.0470069929669521E-4)
(9730,1.0470069929669521E-4)
(6082,1.0470069929669521E-4)
(1022,1.0470069929669521E-4)
(3042,1.0470069929669521E-4)
(4318,1.0470069929669521E-4)
(7422,1.0470069929669521E-4)
(6670,1.0470069929669521E-4)
(8722,1.0470069929669521E-4)
(8762,1.0470069929669521E-4)
(730,1.0470069929669521E-4)
(6506,6.595084287305437E-5)
(9626,1.0470069929669521E-4)
(402,2.9391220523344354E-5)
(9294,1.0470069929669521E-4)
(7130,1.0470069929669521E-4)
(5290,1.0470069929669521E-4)
(462,1.0470069929669521E-4)
(2086,1.0470069929669521E-4)
(5518,1.0470069929669521E-4)
(4030,1.0470069929669521E-4)
(9070,1.0470069929669521E-4)
(4378,1.0470069929669521E-4)
(1174,1.0470069929669521E-4)
(3514,1.0470069929669521E-4)
(4726,1.0470069929669521E-4)
(4066,1.0470069929669521E-4)
(3102,2.9391220523344354E-5)
(7310,8.501325886262295E-5)
(1598,1.0470069929669521E-4)
(4462,1.0470069929669521E-4)
(7786,1.0470069929669521E-4)
(3978,1.0470069929669521E-4)
(6034,1.0470069929669521E-4)
(4390,1.0470069929669521E-4)
(2122,1.0470069929669521E-4)
(3246,1.0470069929669521E-4)
(2098,1.0470069929669521E-4)
(1806,6.595084287305437E-5)
(8650,1.0470069929669521E-4)
(3114,1.0470069929669521E-4)
(2866,1.0470069929669521E-4)
(2862,1.0470069929669521E-4)
(9894,1.0470069929669521E-4)
(8430,1.0470069929669521E-4)
(2738,1.0470069929669521E-4)
(6926,1.0470069929669521E-4)
(5486,1.0470069929669521E-4)
(5566,1.0470069929669521E-4)
(2950,1.0470069929669521E-4)
(3134,1.0470069929669521E-4)
(7518,1.0470069929669521E-4)
(5238,1.0470069929669521E-4)
(4942,1.0470069929669521E-4)
(6930,1.0470069929669521E-4)
(674,1.0470069929669521E-4)
(914,1.0470069929669521E-4)
(6986,1.0470069929669521E-4)
(4062,1.0470069929669521E-4)
(8478,1.0470069929669521E-4)
(1154,1.0470069929669521E-4)
(830,1.0470069929669521E-4)
(4654,1.0470069929669521E-4)
(5906,6.595084287305437E-5)
(8246,1.0470069929669521E-4)
(7106,6.595084287305437E-5)
(8358,1.0470069929669521E-4)
(9526,1.0470069929669521E-4)
(9374,1.0470069929669521E-4)
(9566,1.0470069929669521E-4)
(9866,1.0470069929669521E-4)
(5670,1.0470069929669521E-4)
(3410,8.501325886262295E-5)
(6030,1.0470069929669521E-4)
(7086,1.0470069929669521E-4)
(2562,1.0470069929669521E-4)
(6482,1.0470069929669521E-4)
(54,1.0470069929669521E-4)
(5366,1.0470069929669521E-4)
(286,1.0470069929669521E-4)
(5714,1.0470069929669521E-4)
(8270,1.0470069929669521E-4)
(9778,1.0470069929669521E-4)
(9994,1.0470069929669521E-4)
(1978,1.0470069929669521E-4)
(6918,1.0470069929669521E-4)
(1790,1.0470069929669521E-4)
(8994,1.0470069929669521E-4)
(8206,6.595084287305437E-5)
(2998,1.0470069929669521E-4)
(6026,1.0470069929669521E-4)
(8202,2.9391220523344354E-5)
(4110,8.501325886262295E-5)
(5650,1.0470069929669521E-4)
(2162,1.0470069929669521E-4)
(5210,8.501325886262295E-5)
(7626,1.0470069929669521E-4)
(4898,1.0470069929669521E-4)
(7794,1.0470069929669521E-4)
(7646,1.0470069929669521E-4)
(5582,1.0470069929669521E-4)
(4990,1.0470069929669521E-4)
(10,8.501325886262295E-5)
(5762,1.0470069929669521E-4)
(3578,1.0470069929669521E-4)
(8606,6.595084287305437E-5)
(8402,2.9391220523344354E-5)
(2218,1.0470069929669521E-4)
(4478,1.0470069929669521E-4)
(6862,1.0470069929669521E-4)
(8802,2.9391220523344354E-5)
(8470,1.0470069929669521E-4)
(7206,6.595084287305437E-5)
(2566,1.0470069929669521E-4)
(4522,1.0470069929669521E-4)
(2690,1.0470069929669521E-4)
(7354,1.0470069929669521E-4)
(5142,1.0470069929669521E-4)
(7306,6.595084287305437E-5)
(7994,1.0470069929669521E-4)
(7710,8.501325886262295E-5)
(6138,1.0470069929669521E-4)
(490,1.0470069929669521E-4)
(3570,1.0470069929669521E-4)
(8062,1.0470069929669521E-4)
(8598,1.0470069929669521E-4)
(8834,1.0470069929669521E-4)
(9950,1.0470069929669521E-4)
(9474,1.0470069929669521E-4)
(2278,1.0470069929669521E-4)
(314,1.0470069929669521E-4)
(8190,1.0470069929669521E-4)
(4154,1.0470069929669521E-4)
(6946,1.0470069929669521E-4)
(4326,1.0470069929669521E-4)
(3138,1.0470069929669521E-4)
(7882,1.0470069929669521E-4)
(598,1.0470069929669521E-4)
(3402,2.9391220523344354E-5)
(5510,8.501325886262295E-5)
(3098,1.0470069929669521E-4)
(9206,6.595084287305437E-5)
(7406,6.595084287305437E-5)
(2282,1.0470069929669521E-4)
(3106,6.595084287305437E-5)
(3630,1.0470069929669521E-4)
(4566,1.0470069929669521E-4)
(5338,1.0470069929669521E-4)
(2258,1.0470069929669521E-4)
(2670,1.0470069929669521E-4)
(582,1.0470069929669521E-4)
(1546,1.0470069929669521E-4)
(7878,1.0470069929669521E-4)
(2006,6.595084287305437E-5)
(3874,1.0470069929669521E-4)
(5342,1.0470069929669521E-4)
(1314,1.0470069929669521E-4)
(170,1.0470069929669521E-4)
(2038,1.0470069929669521E-4)
(8086,1.0470069929669521E-4)
(5362,1.0470069929669521E-4)
(2466,1.0470069929669521E-4)
(7990,1.0470069929669521E-4)
(8026,1.0470069929669521E-4)
(1742,1.0470069929669521E-4)
(2858,1.0470069929669521E-4)
(2934,1.0470069929669521E-4)
(926,1.0470069929669521E-4)
(3774,1.0470069929669521E-4)
(4610,8.501325886262295E-5)
(6362,1.0470069929669521E-4)
(2414,1.0470069929669521E-4)
(1446,1.0470069929669521E-4)
(2450,1.0470069929669521E-4)
(3594,1.0470069929669521E-4)
(4058,1.0470069929669521E-4)
(2094,1.0470069929669521E-4)
(5246,1.0470069929669521E-4)
(8450,1.0470069929669521E-4)
(9338,1.0470069929669521E-4)
(4090,1.0470069929669521E-4)
(9186,1.0470069929669521E-4)
(7302,2.9391220523344354E-5)
(6226,1.0470069929669521E-4)
(7610,8.501325886262295E-5)
(4530,1.0470069929669521E-4)
(9466,1.0470069929669521E-4)
(6870,1.0470069929669521E-4)
(7754,1.0470069929669521E-4)
(5254,1.0470069929669521E-4)
(5590,1.0470069929669521E-4)
(1514,1.0470069929669521E-4)
(5834,1.0470069929669521E-4)
(1962,1.0470069929669521E-4)
(6274,1.0470069929669521E-4)
(8918,1.0470069929669521E-4)
(5514,1.0470069929669521E-4)
(9162,1.0470069929669521E-4)
(6686,1.0470069929669521E-4)
(974,1.0470069929669521E-4)
(8870,1.0470069929669521E-4)
(6338,1.0470069929669521E-4)
(4970,1.0470069929669521E-4)
(5550,1.0470069929669521E-4)
(6582,1.0470069929669521E-4)
(9410,8.501325886262295E-5)
(8822,1.0470069929669521E-4)
(6386,1.0470069929669521E-4)
(9378,1.0470069929669521E-4)
(6614,1.0470069929669521E-4)
(126,1.0470069929669521E-4)
(2238,1.0470069929669521E-4)
(2502,2.9391220523344354E-5)
(6630,1.0470069929669521E-4)
(5226,1.0470069929669521E-4)
(1442,1.0470069929669521E-4)
(186,1.0470069929669521E-4)
(3598,1.0470069929669521E-4)
(5790,1.0470069929669521E-4)
(7578,1.0470069929669521E-4)
(8442,1.0470069929669521E-4)
(1254,1.0470069929669521E-4)
(1594,1.0470069929669521E-4)
(1958,1.0470069929669521E-4)
(2470,1.0470069929669521E-4)
(198,1.0470069929669521E-4)
(5470,1.0470069929669521E-4)
(8966,1.0470069929669521E-4)
(9138,1.0470069929669521E-4)
(2226,1.0470069929669521E-4)
(2810,8.501325886262295E-5)
(3506,6.595084287305437E-5)
(6170,1.0470069929669521E-4)
(4262,1.0470069929669521E-4)
(5970,1.0470069929669521E-4)
(5294,1.0470069929669521E-4)
(9450,1.0470069929669521E-4)
(4710,8.501325886262295E-5)
(2730,1.0470069929669521E-4)
(9194,1.0470069929669521E-4)
(1950,1.0470069929669521E-4)
(6114,1.0470069929669521E-4)
(4750,1.0470069929669521E-4)
(1510,8.501325886262295E-5)
(9158,1.0470069929669521E-4)
(1954,1.0470069929669521E-4)
(9386,1.0470069929669521E-4)
(82,1.0470069929669521E-4)
(3486,1.0470069929669521E-4)
(3390,1.0470069929669521E-4)
(5378,1.0470069929669521E-4)
(766,1.0470069929669521E-4)
(3450,1.0470069929669521E-4)
(4134,1.0470069929669521E-4)
(4218,1.0470069929669521E-4)
(866,1.0470069929669521E-4)
(222,1.0470069929669521E-4)
(1394,1.0470069929669521E-4)
(4070,1.0470069929669521E-4)
(4458,1.0470069929669521E-4)
(7042,1.0470069929669521E-4)
(7510,8.501325886262295E-5)
(6334,1.0470069929669521E-4)
(3510,8.501325886262295E-5)
(1810,8.501325886262295E-5)
(4466,1.0470069929669521E-4)
(214,1.0470069929669521E-4)
(1474,1.0470069929669521E-4)
(2638,1.0470069929669521E-4)
(1558,1.0470069929669521E-4)
(654,1.0470069929669521E-4)
(4366,1.0470069929669521E-4)
(2126,1.0470069929669521E-4)
(414,1.0470069929669521E-4)
(3734,1.0470069929669521E-4)
(3550,1.0470069929669521E-4)
(6874,1.0470069929669521E-4)
(4002,2.9391220523344354E-5)
(3782,1.0470069929669521E-4)
(546,1.0470069929669521E-4)
(1650,1.0470069929669521E-4)
(1382,1.0470069929669521E-4)
(5138,1.0470069929669521E-4)
(1526,1.0470069929669521E-4)
(4774,1.0470069929669521E-4)
(5402,2.9391220523344354E-5)
(9298,1.0470069929669521E-4)
(4686,1.0470069929669521E-4)
(4886,1.0470069929669521E-4)
(942,1.0470069929669521E-4)
(5890,1.0470069929669521E-4)
(7850,1.0470069929669521E-4)
(5454,1.0470069929669521E-4)
(7338,1.0470069929669521E-4)
(9302,2.9391220523344354E-5)
(4766,1.0470069929669521E-4)
(8302,2.9391220523344354E-5)
(9662,1.0470069929669521E-4)
(2598,1.0470069929669521E-4)
(5694,1.0470069929669521E-4)
(2834,1.0470069929669521E-4)
(1698,1.0470069929669521E-4)
(1746,1.0470069929669521E-4)
(6250,1.0470069929669521E-4)
(8638,1.0470069929669521E-4)
(9202,2.9391220523344354E-5)
(9146,1.0470069929669521E-4)
(9182,1.0470069929669521E-4)
(5166,1.0470069929669521E-4)
(1634,1.0470069929669521E-4)
(3026,1.0470069929669521E-4)
(9086,1.0470069929669521E-4)
(8742,1.0470069929669521E-4)
(9862,1.0470069929669521E-4)
(1646,1.0470069929669521E-4)
(1522,1.0470069929669521E-4)
(4426,1.0470069929669521E-4)
(1986,1.0470069929669521E-4)
(2222,1.0470069929669521E-4)
(3814,1.0470069929669521E-4)
(1238,1.0470069929669521E-4)
(4982,1.0470069929669521E-4)
(7202,2.9391220523344354E-5)
(9938,1.0470069929669521E-4)
(5526,1.0470069929669521E-4)
(9574,1.0470069929669521E-4)
(382,1.0470069929669521E-4)
(1582,1.0470069929669521E-4)
(9630,1.0470069929669521E-4)
(8626,1.0470069929669521E-4)
(3830,1.0470069929669521E-4)
(5478,1.0470069929669521E-4)
(8874,1.0470069929669521E-4)
(7062,1.0470069929669521E-4)
(8890,1.0470069929669521E-4)
(5578,1.0470069929669521E-4)
(9934,1.0470069929669521E-4)
(6958,1.0470069929669521E-4)
(6618,1.0470069929669521E-4)
(7634,1.0470069929669521E-4)
(5218,1.0470069929669521E-4)
(6130,1.0470069929669521E-4)
(6466,1.0470069929669521E-4)
(2382,1.0470069929669521E-4)
(8974,1.0470069929669521E-4)
(7058,1.0470069929669521E-4)
(8542,1.0470069929669521E-4)
(7762,1.0470069929669521E-4)
(6182,1.0470069929669521E-4)
(3806,6.595084287305437E-5)
(8454,1.0470069929669521E-4)
(3446,1.0470069929669521E-4)
(6454,1.0470069929669521E-4)
(6090,1.0470069929669521E-4)
(458,1.0470069929669521E-4)
(1886,1.0470069929669521E-4)
(9010,8.501325886262295E-5)
(7010,8.501325886262295E-5)
(5418,1.0470069929669521E-4)
(6194,1.0470069929669521E-4)
(5010,8.501325886262295E-5)
(1902,2.9391220523344354E-5)
(6702,2.9391220523344354E-5)
(6774,1.0470069929669521E-4)
(1034,1.0470069929669521E-4)
(6606,6.595084287305437E-5)
(9798,1.0470069929669521E-4)
(1018,1.0470069929669521E-4)
(4822,1.0470069929669521E-4)
(8678,1.0470069929669521E-4)
(5986,1.0470069929669521E-4)
(1506,6.595084287305437E-5)
(7790,1.0470069929669521E-4)
(9006,6.595084287305437E-5)
(9614,1.0470069929669521E-4)
(7842,1.0470069929669521E-4)
(4250,1.0470069929669521E-4)
(6062,1.0470069929669521E-4)
(8942,1.0470069929669521E-4)
(4758,1.0470069929669521E-4)
(578,1.0470069929669521E-4)
(3110,8.501325886262295E-5)
(6514,1.0470069929669521E-4)
(9062,1.0470069929669521E-4)
(3850,1.0470069929669521E-4)
(790,1.0470069929669521E-4)
(594,1.0470069929669521E-4)
(4082,1.0470069929669521E-4)
(7230,1.0470069929669521E-4)
(2794,1.0470069929669521E-4)
(442,1.0470069929669521E-4)
(3074,1.0470069929669521E-4)
(3326,1.0470069929669521E-4)
(4554,1.0470069929669521E-4)
(6690,1.0470069929669521E-4)
(9510,8.501325886262295E-5)
(4902,2.9391220523344354E-5)
(3522,1.0470069929669521E-4)
(4274,1.0470069929669521E-4)
(9770,1.0470069929669521E-4)
(9998,1.0470069929669521E-4)
(982,1.0470069929669521E-4)
(6054,1.0470069929669521E-4)
(2978,1.0470069929669521E-4)
(6682,1.0470069929669521E-4)
(570,1.0470069929669521E-4)
(8746,1.0470069929669521E-4)
(1798,1.0470069929669521E-4)
(6394,1.0470069929669521E-4)
(8410,8.501325886262295E-5)
(9266,1.0470069929669521E-4)
(7286,1.0470069929669521E-4)
(1878,1.0470069929669521E-4)
(5546,1.0470069929669521E-4)
(4634,1.0470069929669521E-4)
(7538,1.0470069929669521E-4)
(1846,1.0470069929669521E-4)
(1694,1.0470069929669521E-4)
(7070,1.0470069929669521E-4)
(8702,2.9391220523344354E-5)
(3738,1.0470069929669521E-4)
(6162,1.0470069929669521E-4)
(9978,1.0470069929669521E-4)
(4914,1.0470069929669521E-4)
(6906,6.595084287305437E-5)
(2574,1.0470069929669521E-4)
(7158,1.0470069929669521E-4)
(7450,1.0470069929669521E-4)
(9550,1.0470069929669521E-4)
(4158,1.0470069929669521E-4)
(4946,1.0470069929669521E-4)
(8146,1.0470069929669521E-4)
(9434,1.0470069929669521E-4)
(7210,8.501325886262295E-5)
(6286,1.0470069929669521E-4)
(2982,1.0470069929669521E-4)
(4486,1.0470069929669521E-4)
(9954,1.0470069929669521E-4)
(2758,1.0470069929669521E-4)
(7022,1.0470069929669521E-4)
(3878,1.0470069929669521E-4)
(7426,1.0470069929669521E-4)
(4202,2.9391220523344354E-5)
(9986,1.0470069929669521E-4)
(6214,1.0470069929669521E-4)
(7094,1.0470069929669521E-4)
(6238,1.0470069929669521E-4)
(6822,1.0470069929669521E-4)
(7458,1.0470069929669521E-4)
(8198,1.0470069929669521E-4)
(5326,1.0470069929669521E-4)
(6858,1.0470069929669521E-4)
(2390,1.0470069929669521E-4)
(5458,1.0470069929669521E-4)
(3634,1.0470069929669521E-4)
(5706,6.595084287305437E-5)
(4934,1.0470069929669521E-4)
(8846,1.0470069929669521E-4)
(9738,1.0470069929669521E-4)
(8494,1.0470069929669521E-4)
(1490,1.0470069929669521E-4)
(3286,1.0470069929669521E-4)
(7730,1.0470069929669521E-4)
(6230,1.0470069929669521E-4)
(6838,1.0470069929669521E-4)
(9638,1.0470069929669521E-4)
(8790,1.0470069929669521E-4)
(6830,1.0470069929669521E-4)
(5902,2.9391220523344354E-5)
(4922,1.0470069929669521E-4)
(5666,1.0470069929669521E-4)
(9766,1.0470069929669521E-4)
(9942,1.0470069929669521E-4)
(5034,1.0470069929669521E-4)
(8162,1.0470069929669521E-4)
(6198,1.0470069929669521E-4)
(9018,1.0470069929669521E-4)
(3682,1.0470069929669521E-4)
(9262,1.0470069929669521E-4)
(3586,1.0470069929669521E-4)
(3558,1.0470069929669521E-4)
(522,1.0470069929669521E-4)
