(4904,5.061974152456418E-5)
(1084,1.0470069929669521E-4)
(9200,1.0470069929669521E-4)
(7532,1.0470069929669521E-4)
(3456,1.0470069929669521E-4)
(7608,7.702118669812164E-5)
(6400,1.0470069929669521E-4)
(9208,7.702118669812164E-5)
(3272,1.0470069929669521E-4)
(7332,1.0470069929669521E-4)
(9804,5.061974152456418E-5)
(6308,7.702118669812164E-5)
(7184,1.0470069929669521E-4)
(7020,1.0470069929669521E-4)
(1040,1.0470069929669521E-4)
(912,1.0470069929669521E-4)
(5384,1.0470069929669521E-4)
(6644,1.0470069929669521E-4)
(140,1.0470069929669521E-4)
(7688,1.0470069929669521E-4)
(204,5.061974152456418E-5)
(956,1.0470069929669521E-4)
(7136,1.0470069929669521E-4)
(7988,1.0470069929669521E-4)
(4780,1.0470069929669521E-4)
(5928,1.0470069929669521E-4)
(6332,1.0470069929669521E-4)
(4992,1.0470069929669521E-4)
(9384,1.0470069929669521E-4)
(3436,1.0470069929669521E-4)
(5324,1.0470069929669521E-4)
(4260,1.0470069929669521E-4)
(6028,1.0470069929669521E-4)
(6568,1.0470069929669521E-4)
(8516,1.0470069929669521E-4)
(4224,1.0470069929669521E-4)
(492,1.0470069929669521E-4)
(1148,1.0470069929669521E-4)
(160,1.0470069929669521E-4)
(7948,1.0470069929669521E-4)
(1168,1.0470069929669521E-4)
(1596,1.0470069929669521E-4)
(1780,1.0470069929669521E-4)
(7456,1.0470069929669521E-4)
(5136,1.0470069929669521E-4)
(5832,1.0470069929669521E-4)
(3932,1.0470069929669521E-4)
(7548,1.0470069929669521E-4)
(2904,5.061974152456418E-5)
(9216,1.0470069929669521E-4)
(6840,1.0470069929669521E-4)
(4628,1.0470069929669521E-4)
(9336,1.0470069929669521E-4)
(1500,1.0470069929669521E-4)
(460,1.0470069929669521E-4)
(2664,1.0470069929669521E-4)
(3336,1.0470069929669521E-4)
(4724,1.0470069929669521E-4)
(7928,1.0470069929669521E-4)
(6940,1.0470069929669521E-4)
(548,1.0470069929669521E-4)
(8872,1.0470069929669521E-4)
(9100,1.0470069929669521E-4)
(1732,1.0470069929669521E-4)
(5796,1.0470069929669521E-4)
(8520,1.0470069929669521E-4)
(2092,1.0470069929669521E-4)
(528,1.0470069929669521E-4)
(9416,1.0470069929669521E-4)
(6648,1.0470069929669521E-4)
(6168,1.0470069929669521E-4)
(1632,1.0470069929669521E-4)
(3032,1.0470069929669521E-4)
(1716,1.0470069929669521E-4)
(1808,7.702118669812164E-5)
(5508,7.702118669812164E-5)
(6684,1.0470069929669521E-4)
(5492,1.0470069929669521E-4)
(2912,1.0470069929669521E-4)
(944,1.0470069929669521E-4)
(6764,1.0470069929669521E-4)
(1280,1.0470069929669521E-4)
(9396,1.0470069929669521E-4)
(9084,1.0470069929669521E-4)
(2052,1.0470069929669521E-4)
(2192,1.0470069929669521E-4)
(196,1.0470069929669521E-4)
(1816,1.0470069929669521E-4)
(9904,5.061974152456418E-5)
(5632,1.0470069929669521E-4)
(1176,1.0470069929669521E-4)
(3296,1.0470069929669521E-4)
(3568,1.0470069929669521E-4)
(1144,1.0470069929669521E-4)
(5204,5.061974152456418E-5)
(4228,1.0470069929669521E-4)
(7856,1.0470069929669521E-4)
(4304,5.061974152456418E-5)
(5736,1.0470069929669521E-4)
(4156,1.0470069929669521E-4)
(9364,1.0470069929669521E-4)
(8036,1.0470069929669521E-4)
(8032,1.0470069929669521E-4)
(5648,1.0470069929669521E-4)
(5932,1.0470069929669521E-4)
(7168,1.0470069929669521E-4)
(4424,1.0470069929669521E-4)
(2180,1.0470069929669521E-4)
(344,1.0470069929669521E-4)
(1320,1.0470069929669521E-4)
(1344,1.0470069929669521E-4)
(4008,7.702118669812164E-5)
(8656,1.0470069929669521E-4)
(664,1.0470069929669521E-4)
(7888,1.0470069929669521E-4)
(3500,1.0470069929669521E-4)
(2040,1.0470069929669521E-4)
(988,1.0470069929669521E-4)
(2360,1.0470069929669521E-4)
(7284,1.0470069929669521E-4)
(4632,1.0470069929669521E-4)
(8052,1.0470069929669521E-4)
(7560,1.0470069929669521E-4)
(9492,1.0470069929669521E-4)
(4864,1.0470069929669521E-4)
(968,1.0470069929669521E-4)
(4128,1.0470069929669521E-4)
(5288,1.0470069929669521E-4)
(9688,1.0470069929669521E-4)
(1940,1.0470069929669521E-4)
(1468,1.0470069929669521E-4)
(836,1.0470069929669521E-4)
(8348,1.0470069929669521E-4)
(3848,1.0470069929669521E-4)
(1556,1.0470069929669521E-4)
(1800,1.0470069929669521E-4)
(2744,1.0470069929669521E-4)
(1656,1.0470069929669521E-4)
(7572,1.0470069929669521E-4)
(6472,1.0470069929669521E-4)
(8676,1.0470069929669521E-4)
(7632,1.0470069929669521E-4)
(208,7.702118669812164E-5)
(436,1.0470069929669521E-4)
(9168,1.0470069929669521E-4)
(9452,1.0470069929669521E-4)
(3700,1.0470069929669521E-4)
(6736,1.0470069929669521E-4)
(7156,1.0470069929669521E-4)
(8696,1.0470069929669521E-4)
(6760,1.0470069929669521E-4)
(7476,1.0470069929669521E-4)
(4752,1.0470069929669521E-4)
(5688,1.0470069929669521E-4)
(3520,1.0470069929669521E-4)
(5920,1.0470069929669521E-4)
(3000,1.0470069929669521E-4)
(7624,1.0470069929669521E-4)
(8836,1.0470069929669521E-4)
(3128,1.0470069929669521E-4)
(2588,1.0470069929669521E-4)
(6616,1.0470069929669521E-4)
(1044,1.0470069929669521E-4)
(6676,1.0470069929669521E-4)
(8564,1.0470069929669521E-4)
(9752,1.0470069929669521E-4)
(1076,1.0470069929669521E-4)
(536,1.0470069929669521E-4)
(4688,1.0470069929669521E-4)
(2648,1.0470069929669521E-4)
(3880,1.0470069929669521E-4)
(5124,1.0470069929669521E-4)
(3696,1.0470069929669521E-4)
(5420,1.0470069929669521E-4)
(9196,1.0470069929669521E-4)
(4,5.061974152456418E-5)
(6060,1.0470069929669521E-4)
(6668,1.0470069929669521E-4)
(8048,1.0470069929669521E-4)
(3488,1.0470069929669521E-4)
(3180,1.0470069929669521E-4)
(5156,1.0470069929669521E-4)
(6112,1.0470069929669521E-4)
(7032,1.0470069929669521E-4)
(7584,1.0470069929669521E-4)
(5708,7.702118669812164E-5)
(1300,1.0470069929669521E-4)
(2976,1.0470069929669521E-4)
(3980,1.0470069929669521E-4)
(8512,1.0470069929669521E-4)
(8948,1.0470069929669521E-4)
(152,1.0470069929669521E-4)
(368,1.0470069929669521E-4)
(796,1.0470069929669521E-4)
(9468,1.0470069929669521E-4)
(6180,1.0470069929669521E-4)
(8420,1.0470069929669521E-4)
(236,1.0470069929669521E-4)
(316,1.0470069929669521E-4)
(3140,1.0470069929669521E-4)
(8760,1.0470069929669521E-4)
(3304,5.061974152456418E-5)
(612,1.0470069929669521E-4)
(888,1.0470069929669521E-4)
(5184,1.0470069929669521E-4)
(2368,1.0470069929669521E-4)
(4016,1.0470069929669521E-4)
(2200,1.0470069929669521E-4)
(2724,1.0470069929669521E-4)
(3164,1.0470069929669521E-4)
(4672,1.0470069929669521E-4)
(4608,7.702118669812164E-5)
(120,1.0470069929669521E-4)
(5964,1.0470069929669521E-4)
(9432,1.0470069929669521E-4)
(8172,1.0470069929669521E-4)
(1356,1.0470069929669521E-4)
(5484,1.0470069929669521E-4)
(2352,1.0470069929669521E-4)
(7380,1.0470069929669521E-4)
(9008,7.702118669812164E-5)
(3328,1.0470069929669521E-4)
(6136,1.0470069929669521E-4)
(5908,7.702118669812164E-5)
(2332,1.0470069929669521E-4)
(9768,1.0470069929669521E-4)
(3620,1.0470069929669521E-4)
(2068,1.0470069929669521E-4)
(5248,1.0470069929669521E-4)
(1688,1.0470069929669521E-4)
(2004,5.061974152456418E-5)
(6592,1.0470069929669521E-4)
(5028,1.0470069929669521E-4)
(9428,1.0470069929669521E-4)
(4612,1.0470069929669521E-4)
(304,5.061974152456418E-5)
(5016,1.0470069929669521E-4)
(7772,1.0470069929669521E-4)
(1228,1.0470069929669521E-4)
(496,1.0470069929669521E-4)
(5344,1.0470069929669521E-4)
(8712,1.0470069929669521E-4)
(2080,1.0470069929669521E-4)
(8740,1.0470069929669521E-4)
(3548,1.0470069929669521E-4)
(1132,1.0470069929669521E-4)
(360,1.0470069929669521E-4)
(1792,1.0470069929669521E-4)
(9224,1.0470069929669521E-4)
(1532,1.0470069929669521E-4)
(4772,1.0470069929669521E-4)
(52,1.0470069929669521E-4)
(5872,1.0470069929669521E-4)
(6484,1.0470069929669521E-4)
(8328,1.0470069929669521E-4)
(2928,1.0470069929669521E-4)
(6960,1.0470069929669521E-4)
(8904,5.061974152456418E-5)
(156,1.0470069929669521E-4)
(1608,7.702118669812164E-5)
(5056,1.0470069929669521E-4)
(6324,1.0470069929669521E-4)
(2132,1.0470069929669521E-4)
(720,1.0470069929669521E-4)
(5252,1.0470069929669521E-4)
(6088,1.0470069929669521E-4)
(3912,1.0470069929669521E-4)
(4092,1.0470069929669521E-4)
(8896,1.0470069929669521E-4)
(2824,1.0470069929669521E-4)
(5988,1.0470069929669521E-4)
(1136,1.0470069929669521E-4)
(5112,1.0470069929669521E-4)
(6096,1.0470069929669521E-4)
(1488,1.0470069929669521E-4)
(6344,1.0470069929669521E-4)
(6284,1.0470069929669521E-4)
(4900,1.0470069929669521E-4)
(7236,1.0470069929669521E-4)
(7228,1.0470069929669521E-4)
(6952,1.0470069929669521E-4)
(4220,1.0470069929669521E-4)
(2972,1.0470069929669521E-4)
(6040,1.0470069929669521E-4)
(7732,1.0470069929669521E-4)
(432,1.0470069929669521E-4)
(6948,1.0470069929669521E-4)
(7376,1.0470069929669521E-4)
(6980,1.0470069929669521E-4)
(7536,1.0470069929669521E-4)
(7352,1.0470069929669521E-4)
(5216,1.0470069929669521E-4)
(7468,1.0470069929669521E-4)
(5300,1.0470069929669521E-4)
(5064,1.0470069929669521E-4)
(7012,1.0470069929669521E-4)
(5428,1.0470069929669521E-4)
(4020,1.0470069929669521E-4)
(3380,1.0470069929669521E-4)
(7268,1.0470069929669521E-4)
(5084,1.0470069929669521E-4)
(5876,1.0470069929669521E-4)
(4568,1.0470069929669521E-4)
(6336,1.0470069929669521E-4)
(280,1.0470069929669521E-4)
(2528,1.0470069929669521E-4)
(4328,1.0470069929669521E-4)
(5176,1.0470069929669521E-4)
(6480,1.0470069929669521E-4)
(4480,1.0470069929669521E-4)
(7392,1.0470069929669521E-4)
(1004,5.061974152456418E-5)
(5772,1.0470069929669521E-4)
(6704,5.061974152456418E-5)
(5260,1.0470069929669521E-4)
(2868,1.0470069929669521E-4)
(1992,1.0470069929669521E-4)
(7180,1.0470069929669521E-4)
(6116,1.0470069929669521E-4)
(9772,1.0470069929669521E-4)
(6064,1.0470069929669521E-4)
(5952,1.0470069929669521E-4)
(5148,1.0470069929669521E-4)
(8060,1.0470069929669521E-4)
(2752,1.0470069929669521E-4)
(3624,1.0470069929669521E-4)
(8108,7.702118669812164E-5)
(7628,1.0470069929669521E-4)
(5168,1.0470069929669521E-4)
(3236,1.0470069929669521E-4)
(3856,1.0470069929669521E-4)
(6372,1.0470069929669521E-4)
(8716,1.0470069929669521E-4)
(488,1.0470069929669521E-4)
(2288,1.0470069929669521E-4)
(6788,1.0470069929669521E-4)
(6936,1.0470069929669521E-4)
(9024,1.0470069929669521E-4)
(5444,1.0470069929669521E-4)
(8356,1.0470069929669521E-4)
(9312,1.0470069929669521E-4)
(7792,1.0470069929669521E-4)
(4276,1.0470069929669521E-4)
(348,1.0470069929669521E-4)
(3524,1.0470069929669521E-4)
(4540,1.0470069929669521E-4)
(692,1.0470069929669521E-4)
(8588,1.0470069929669521E-4)
(5812,1.0470069929669521E-4)
(8660,1.0470069929669521E-4)
(5620,1.0470069929669521E-4)
(9080,1.0470069929669521E-4)
(3220,1.0470069929669521E-4)
(8436,1.0470069929669521E-4)
(2412,1.0470069929669521E-4)
(744,1.0470069929669521E-4)
(6552,1.0470069929669521E-4)
(8924,1.0470069929669521E-4)
(1496,1.0470069929669521E-4)
(5940,1.0470069929669521E-4)
(952,1.0470069929669521E-4)
(6532,1.0470069929669521E-4)
(4288,1.0470069929669521E-4)
(7196,1.0470069929669521E-4)
(9632,1.0470069929669521E-4)
(1268,1.0470069929669521E-4)
(8572,1.0470069929669521E-4)
(8908,7.702118669812164E-5)
(8072,1.0470069929669521E-4)
(8112,1.0470069929669521E-4)
(9412,1.0470069929669521E-4)
(288,1.0470069929669521E-4)
(2452,1.0470069929669521E-4)
(8488,1.0470069929669521E-4)
(3416,1.0470069929669521E-4)
(7900,1.0470069929669521E-4)
(2220,1.0470069929669521E-4)
(2948,1.0470069929669521E-4)
(5404,5.061974152456418E-5)
(9856,1.0470069929669521E-4)
(6608,7.702118669812164E-5)
(8480,1.0470069929669521E-4)
(6724,1.0470069929669521E-4)
(100,1.0470069929669521E-4)
(6944,1.0470069929669521E-4)
(9700,1.0470069929669521E-4)
(332,1.0470069929669521E-4)
(6216,1.0470069929669521E-4)
(8968,1.0470069929669521E-4)
(9536,1.0470069929669521E-4)
(5916,1.0470069929669521E-4)
(1092,1.0470069929669521E-4)
(300,1.0470069929669521E-4)
(3400,1.0470069929669521E-4)
(2644,1.0470069929669521E-4)
(4528,1.0470069929669521E-4)
(5728,1.0470069929669521E-4)
(9088,1.0470069929669521E-4)
(2696,1.0470069929669521E-4)
(3496,1.0470069929669521E-4)
(1988,1.0470069929669521E-4)
(4944,1.0470069929669521E-4)
(6228,1.0470069929669521E-4)
(8296,1.0470069929669521E-4)
(3644,1.0470069929669521E-4)
(8988,1.0470069929669521E-4)
(812,1.0470069929669521E-4)
(9868,1.0470069929669521E-4)
(3360,1.0470069929669521E-4)
(532,1.0470069929669521E-4)
(2672,1.0470069929669521E-4)
(4120,1.0470069929669521E-4)
(9292,1.0470069929669521E-4)
(8592,1.0470069929669521E-4)
(5228,1.0470069929669521E-4)
(7232,1.0470069929669521E-4)
(1196,1.0470069929669521E-4)
(6956,1.0470069929669521E-4)
(7100,1.0470069929669521E-4)
(5100,1.0470069929669521E-4)
(6144,1.0470069929669521E-4)
(7668,1.0470069929669521E-4)
(3168,1.0470069929669521E-4)
(5456,1.0470069929669521E-4)
(1216,1.0470069929669521E-4)
(3692,1.0470069929669521E-4)
(2688,1.0470069929669521E-4)
(6304,5.061974152456418E-5)
(5884,1.0470069929669521E-4)
(7028,1.0470069929669521E-4)
(3412,1.0470069929669521E-4)
(6292,1.0470069929669521E-4)
(9520,1.0470069929669521E-4)
(4356,1.0470069929669521E-4)
(9544,1.0470069929669521E-4)
(3228,1.0470069929669521E-4)
(3148,1.0470069929669521E-4)
(3976,1.0470069929669521E-4)
(3116,1.0470069929669521E-4)
(7844,1.0470069929669521E-4)
(28,1.0470069929669521E-4)
(7256,1.0470069929669521E-4)
(8964,1.0470069929669521E-4)
(6244,1.0470069929669521E-4)
(2312,1.0470069929669521E-4)
(6696,1.0470069929669521E-4)
(5984,1.0470069929669521E-4)
(5080,1.0470069929669521E-4)
(7024,1.0470069929669521E-4)
(3196,1.0470069929669521E-4)
(9760,1.0470069929669521E-4)
(8244,1.0470069929669521E-4)
(3664,1.0470069929669521E-4)
(1400,1.0470069929669521E-4)
(6920,1.0470069929669521E-4)
(5972,1.0470069929669521E-4)
(2508,7.702118669812164E-5)
(8408,7.702118669812164E-5)
(7864,1.0470069929669521E-4)
(2820,1.0470069929669521E-4)
(7760,1.0470069929669521E-4)
(6720,1.0470069929669521E-4)
(8260,1.0470069929669521E-4)
(1232,1.0470069929669521E-4)
(9356,1.0470069929669521E-4)
(9524,1.0470069929669521E-4)
(9716,1.0470069929669521E-4)
(3796,1.0470069929669521E-4)
(5336,1.0470069929669521E-4)
(6796,1.0470069929669521E-4)
(9848,1.0470069929669521E-4)
(2008,7.702118669812164E-5)
(4388,1.0470069929669521E-4)
(6456,1.0470069929669521E-4)
(5544,1.0470069929669521E-4)
(1252,1.0470069929669521E-4)
(8248,1.0470069929669521E-4)
(7780,1.0470069929669521E-4)
(9128,1.0470069929669521E-4)
(3904,5.061974152456418E-5)
(8788,1.0470069929669521E-4)
(3132,1.0470069929669521E-4)
(1288,1.0470069929669521E-4)
(4740,1.0470069929669521E-4)
(1660,1.0470069929669521E-4)
(6404,5.061974152456418E-5)
(6872,1.0470069929669521E-4)
(3172,1.0470069929669521E-4)
(7264,1.0470069929669521E-4)
(7488,1.0470069929669521E-4)
(1024,1.0470069929669521E-4)
(6124,1.0470069929669521E-4)
(8616,1.0470069929669521E-4)
(3552,1.0470069929669521E-4)
(7756,1.0470069929669521E-4)
(9780,1.0470069929669521E-4)
(6536,1.0470069929669521E-4)
(8728,1.0470069929669521E-4)
(6496,1.0470069929669521E-4)
(3576,1.0470069929669521E-4)
(4952,1.0470069929669521E-4)
(7492,1.0470069929669521E-4)
(2300,1.0470069929669521E-4)
(44,1.0470069929669521E-4)
(88,1.0470069929669521E-4)
(4208,7.702118669812164E-5)
(3264,1.0470069929669521E-4)
(8392,1.0470069929669521E-4)
(9604,5.061974152456418E-5)
(6844,1.0470069929669521E-4)
(8956,1.0470069929669521E-4)
(8476,1.0470069929669521E-4)
(8580,1.0470069929669521E-4)
(876,1.0470069929669521E-4)
(1576,1.0470069929669521E-4)
(5784,1.0470069929669521E-4)
(7848,1.0470069929669521E-4)
(5656,1.0470069929669521E-4)
(5740,1.0470069929669521E-4)
(3156,1.0470069929669521E-4)
(2112,1.0470069929669521E-4)
(5364,1.0470069929669521E-4)
(5816,1.0470069929669521E-4)
(1448,1.0470069929669521E-4)
(9440,1.0470069929669521E-4)
(3408,7.702118669812164E-5)
(8180,1.0470069929669521E-4)
(2256,1.0470069929669521E-4)
(396,1.0470069929669521E-4)
(7224,1.0470069929669521E-4)
(3832,1.0470069929669521E-4)
(1112,1.0470069929669521E-4)
(7480,1.0470069929669521E-4)
(7908,7.702118669812164E-5)
(9004,5.061974152456418E-5)
(552,1.0470069929669521E-4)
(2800,1.0470069929669521E-4)
(4996,1.0470069929669521E-4)
(3536,1.0470069929669521E-4)
(9672,1.0470069929669521E-4)
(3012,1.0470069929669521E-4)
(20,1.0470069929669521E-4)
(6268,1.0470069929669521E-4)
(9120,1.0470069929669521E-4)
(3712,1.0470069929669521E-4)
(268,1.0470069929669521E-4)
(2548,1.0470069929669521E-4)
(3760,1.0470069929669521E-4)
(1788,1.0470069929669521E-4)
(3040,1.0470069929669521E-4)
(4756,1.0470069929669521E-4)
(4192,1.0470069929669521E-4)
(7280,1.0470069929669521E-4)
(8536,1.0470069929669521E-4)
(5628,1.0470069929669521E-4)
(4776,1.0470069929669521E-4)
(9704,5.061974152456418E-5)
(7416,1.0470069929669521E-4)
(1580,1.0470069929669521E-4)
(504,5.061974152456418E-5)
(7324,1.0470069929669521E-4)
(6928,1.0470069929669521E-4)
(1904,5.061974152456418E-5)
(3248,1.0470069929669521E-4)
(9668,1.0470069929669521E-4)
(2524,1.0470069929669521E-4)
(7132,1.0470069929669521E-4)
(6612,1.0470069929669521E-4)
(9284,1.0470069929669521E-4)
(9616,1.0470069929669521E-4)
(3804,5.061974152456418E-5)
(6792,1.0470069929669521E-4)
(9148,1.0470069929669521E-4)
(8268,1.0470069929669521E-4)
(444,1.0470069929669521E-4)
(3996,1.0470069929669521E-4)
(6376,1.0470069929669521E-4)
(620,1.0470069929669521E-4)
(3068,1.0470069929669521E-4)
(8412,1.0470069929669521E-4)
(7364,1.0470069929669521E-4)
(60,1.0470069929669521E-4)
(6640,1.0470069929669521E-4)
(8796,1.0470069929669521E-4)
(5840,1.0470069929669521E-4)
(9020,1.0470069929669521E-4)
(9108,7.702118669812164E-5)
(3072,1.0470069929669521E-4)
(5092,1.0470069929669521E-4)
(8040,1.0470069929669521E-4)
(6824,1.0470069929669521E-4)
(3752,1.0470069929669521E-4)
(6636,1.0470069929669521E-4)
(7248,1.0470069929669521E-4)
(4132,1.0470069929669521E-4)
(4976,1.0470069929669521E-4)
(4936,1.0470069929669521E-4)
(6868,1.0470069929669521E-4)
(36,1.0470069929669521E-4)
(7656,1.0470069929669521E-4)
(9032,1.0470069929669521E-4)
(7428,1.0470069929669521E-4)
(2060,1.0470069929669521E-4)
(924,1.0470069929669521E-4)
(2032,1.0470069929669521E-4)
(4404,5.061974152456418E-5)
(4012,1.0470069929669521E-4)
(9332,1.0470069929669521E-4)
(2244,1.0470069929669521E-4)
(1616,1.0470069929669521E-4)
(4368,1.0470069929669521E-4)
(3440,1.0470069929669521E-4)
(1952,1.0470069929669521E-4)
(6104,5.061974152456418E-5)
(148,1.0470069929669521E-4)
(4184,1.0470069929669521E-4)
(3444,1.0470069929669521E-4)
(4416,1.0470069929669521E-4)
(4520,1.0470069929669521E-4)
(940,1.0470069929669521E-4)
(5096,1.0470069929669521E-4)
(6236,1.0470069929669521E-4)
(2120,1.0470069929669521E-4)
(3244,1.0470069929669521E-4)
(6752,1.0470069929669521E-4)
(6544,1.0470069929669521E-4)
(8748,1.0470069929669521E-4)
(8400,1.0470069929669521E-4)
(7992,1.0470069929669521E-4)
(7696,1.0470069929669521E-4)
(128,1.0470069929669521E-4)
(6660,1.0470069929669521E-4)
(8340,1.0470069929669521E-4)
(6692,1.0470069929669521E-4)
(8460,1.0470069929669521E-4)
(560,1.0470069929669521E-4)
(4888,1.0470069929669521E-4)
(5116,1.0470069929669521E-4)
(2196,1.0470069929669521E-4)
(2860,1.0470069929669521E-4)
(700,1.0470069929669521E-4)
(9192,1.0470069929669521E-4)
(7288,1.0470069929669521E-4)
(9736,1.0470069929669521E-4)
(6500,1.0470069929669521E-4)
(8504,5.061974152456418E-5)
(2788,1.0470069929669521E-4)
(8860,1.0470069929669521E-4)
(960,1.0470069929669521E-4)
(3184,1.0470069929669521E-4)
(6864,1.0470069929669521E-4)
(5048,1.0470069929669521E-4)
(7652,1.0470069929669521E-4)
(580,1.0470069929669521E-4)
(7008,7.702118669812164E-5)
(8620,1.0470069929669521E-4)
(8292,1.0470069929669521E-4)
(9248,1.0470069929669521E-4)
(4552,1.0470069929669521E-4)
(4684,1.0470069929669521E-4)
(1080,1.0470069929669521E-4)
(5956,1.0470069929669521E-4)
(2436,1.0470069929669521E-4)
(1840,1.0470069929669521E-4)
(7600,1.0470069929669521E-4)
(2396,1.0470069929669521E-4)
(5888,1.0470069929669521E-4)
(1880,1.0470069929669521E-4)
(6148,1.0470069929669521E-4)
(5712,1.0470069929669521E-4)
(2304,5.061974152456418E-5)
(8808,7.702118669812164E-5)
(3404,5.061974152456418E-5)
(8336,1.0470069929669521E-4)
(4300,1.0470069929669521E-4)
(8792,1.0470069929669521E-4)
(2616,1.0470069929669521E-4)
(9968,1.0470069929669521E-4)
(9512,1.0470069929669521E-4)
(12,1.0470069929669521E-4)
(3788,1.0470069929669521E-4)
(4884,1.0470069929669521E-4)
(1876,1.0470069929669521E-4)
(4280,1.0470069929669521E-4)
(8312,1.0470069929669521E-4)
(1752,1.0470069929669521E-4)
(452,1.0470069929669521E-4)
(5244,1.0470069929669521E-4)
(512,1.0470069929669521E-4)
(2632,1.0470069929669521E-4)
(7344,1.0470069929669521E-4)
(9680,1.0470069929669521E-4)
(5188,1.0470069929669521E-4)
(1480,1.0470069929669521E-4)
(420,1.0470069929669521E-4)
(2272,1.0470069929669521E-4)
(7152,1.0470069929669521E-4)
(2584,1.0470069929669521E-4)
(6476,1.0470069929669521E-4)
(3884,1.0470069929669521E-4)
(9368,1.0470069929669521E-4)
(808,7.702118669812164E-5)
(2036,1.0470069929669521E-4)
(3024,1.0470069929669521E-4)
(5680,1.0470069929669521E-4)
(1908,7.702118669812164E-5)
(6368,1.0470069929669521E-4)
(2188,1.0470069929669521E-4)
(7016,1.0470069929669521E-4)
(3324,1.0470069929669521E-4)
(7240,1.0470069929669521E-4)
(6524,1.0470069929669521E-4)
(40,1.0470069929669521E-4)
(4364,1.0470069929669521E-4)
(4812,1.0470069929669521E-4)
(3636,1.0470069929669521E-4)
(7452,1.0470069929669521E-4)
(3472,1.0470069929669521E-4)
(9528,1.0470069929669521E-4)
(4348,1.0470069929669521E-4)
(2704,5.061974152456418E-5)
(1848,1.0470069929669521E-4)
(2540,1.0470069929669521E-4)
(3092,1.0470069929669521E-4)
(8116,1.0470069929669521E-4)
(1068,1.0470069929669521E-4)
(636,1.0470069929669521E-4)
(3708,7.702118669812164E-5)
(6560,1.0470069929669521E-4)
(96,1.0470069929669521E-4)
(9052,1.0470069929669521E-4)
(4580,1.0470069929669521E-4)
(7048,1.0470069929669521E-4)
(3556,1.0470069929669521E-4)
(9912,1.0470069929669521E-4)
(4968,1.0470069929669521E-4)
(2424,1.0470069929669521E-4)
(4956,1.0470069929669521E-4)
(6016,1.0470069929669521E-4)
(2280,1.0470069929669521E-4)
(1316,1.0470069929669521E-4)
(2804,5.061974152456418E-5)
(4868,1.0470069929669521E-4)
(2756,1.0470069929669521E-4)
(7116,1.0470069929669521E-4)
(10000,1.0470069929669521E-4)
(7648,1.0470069929669521E-4)
(92,1.0470069929669521E-4)
(3008,7.702118669812164E-5)
(3348,1.0470069929669521E-4)
(3808,7.702118669812164E-5)
(5312,1.0470069929669521E-4)
(4160,1.0470069929669521E-4)
(8388,1.0470069929669521E-4)
(72,1.0470069929669521E-4)
(2836,1.0470069929669521E-4)
(1324,1.0470069929669521E-4)
(5776,1.0470069929669521E-4)
(4336,1.0470069929669521E-4)
(2856,1.0470069929669521E-4)
(7820,1.0470069929669521E-4)
(4072,1.0470069929669521E-4)
(1120,1.0470069929669521E-4)
(652,1.0470069929669521E-4)
(1852,1.0470069929669521E-4)
(5192,1.0470069929669521E-4)
(2088,1.0470069929669521E-4)
(84,1.0470069929669521E-4)
(1984,1.0470069929669521E-4)
(6076,1.0470069929669521E-4)
(2748,1.0470069929669521E-4)
(76,1.0470069929669521E-4)
(1192,1.0470069929669521E-4)
(8304,5.061974152456418E-5)
(9624,1.0470069929669521E-4)
(9852,1.0470069929669521E-4)
(8876,1.0470069929669521E-4)
(5348,1.0470069929669521E-4)
(5624,1.0470069929669521E-4)
(2420,1.0470069929669521E-4)
(7764,1.0470069929669521E-4)
(1928,1.0470069929669521E-4)
(8624,1.0470069929669521E-4)
(4964,1.0470069929669521E-4)
(1796,1.0470069929669521E-4)
(124,1.0470069929669521E-4)
(984,1.0470069929669521E-4)
(6192,1.0470069929669521E-4)
(1340,1.0470069929669521E-4)
(9656,1.0470069929669521E-4)
(6508,7.702118669812164E-5)
(5000,1.0470069929669521E-4)
(948,1.0470069929669521E-4)
(1420,1.0470069929669521E-4)
(4948,1.0470069929669521E-4)
(8,7.702118669812164E-5)
(2444,1.0470069929669521E-4)
(3888,1.0470069929669521E-4)
(372,1.0470069929669521E-4)
(8832,1.0470069929669521E-4)
(820,1.0470069929669521E-4)
(3964,1.0470069929669521E-4)
(4240,1.0470069929669521E-4)
(9932,1.0470069929669521E-4)
(1124,1.0470069929669521E-4)
(3340,1.0470069929669521E-4)
(7912,1.0470069929669521E-4)
(2968,1.0470069929669521E-4)
(3824,1.0470069929669521E-4)
(1772,1.0470069929669521E-4)
(600,1.0470069929669521E-4)
(6012,1.0470069929669521E-4)
(2224,1.0470069929669521E-4)
(9940,1.0470069929669521E-4)
(8100,1.0470069929669521E-4)
(8396,1.0470069929669521E-4)
(3476,1.0470069929669521E-4)
(892,1.0470069929669521E-4)
(2780,1.0470069929669521E-4)
(4512,1.0470069929669521E-4)
(7768,1.0470069929669521E-4)
(1996,1.0470069929669521E-4)
(3940,1.0470069929669521E-4)
(9812,1.0470069929669521E-4)
(7528,1.0470069929669521E-4)
(7996,1.0470069929669521E-4)
(4860,1.0470069929669521E-4)
(4768,1.0470069929669521E-4)
(5720,1.0470069929669521E-4)
(5372,1.0470069929669521E-4)
(2760,1.0470069929669521E-4)
(3900,1.0470069929669521E-4)
(5756,1.0470069929669521E-4)
(5108,7.702118669812164E-5)
(1920,1.0470069929669521E-4)
(4408,7.702118669812164E-5)
(5752,1.0470069929669521E-4)
(5800,1.0470069929669521E-4)
(7004,5.061974152456418E-5)
(2276,1.0470069929669521E-4)
(3104,5.061974152456418E-5)
(3504,5.061974152456418E-5)
(1032,1.0470069929669521E-4)
(2480,1.0470069929669521E-4)
(4312,1.0470069929669521E-4)
(9056,1.0470069929669521E-4)
(1452,1.0470069929669521E-4)
(9140,1.0470069929669521E-4)
(7220,1.0470069929669521E-4)
(6564,1.0470069929669521E-4)
(4376,1.0470069929669521E-4)
(616,1.0470069929669521E-4)
(8784,1.0470069929669521E-4)
(4564,1.0470069929669521E-4)
(3356,1.0470069929669521E-4)
(608,7.702118669812164E-5)
(1184,1.0470069929669521E-4)
(5552,1.0470069929669521E-4)
(6080,1.0470069929669521E-4)
(6356,1.0470069929669521E-4)
(9448,1.0470069929669521E-4)
(9832,1.0470069929669521E-4)
(5764,1.0470069929669521E-4)
(8444,1.0470069929669521E-4)
(5068,1.0470069929669521E-4)
(6412,1.0470069929669521E-4)
(6680,1.0470069929669521E-4)
(4464,1.0470069929669521E-4)
(2128,1.0470069929669521E-4)
(872,1.0470069929669521E-4)
(1396,1.0470069929669521E-4)
(5332,1.0470069929669521E-4)
(7172,1.0470069929669521E-4)
(8428,1.0470069929669521E-4)
(176,1.0470069929669521E-4)
(3648,1.0470069929669521E-4)
(2628,1.0470069929669521E-4)
(4320,1.0470069929669521E-4)
(5864,1.0470069929669521E-4)
(7092,1.0470069929669521E-4)
(7612,1.0470069929669521E-4)
(2320,1.0470069929669521E-4)
(9960,1.0470069929669521E-4)
(8464,1.0470069929669521E-4)
(1856,1.0470069929669521E-4)
(2840,1.0470069929669521E-4)
(1972,1.0470069929669521E-4)
(4788,1.0470069929669521E-4)
(5892,1.0470069929669521E-4)
(3108,7.702118669812164E-5)
(376,1.0470069929669521E-4)
(5692,1.0470069929669521E-4)
(8276,1.0470069929669521E-4)
(928,1.0470069929669521E-4)
(8952,1.0470069929669521E-4)
(188,1.0470069929669521E-4)
(2640,1.0470069929669521E-4)
(2296,1.0470069929669521E-4)
(4816,1.0470069929669521E-4)
(3312,1.0470069929669521E-4)
(5272,1.0470069929669521E-4)
(5292,1.0470069929669521E-4)
(5284,1.0470069929669521E-4)
(4532,1.0470069929669521E-4)
(364,1.0470069929669521E-4)
(5528,1.0470069929669521E-4)
(6044,1.0470069929669521E-4)
(6832,1.0470069929669521E-4)
(9360,1.0470069929669521E-4)
(9728,1.0470069929669521E-4)
(3972,1.0470069929669521E-4)
(6024,1.0470069929669521E-4)
(8064,1.0470069929669521E-4)
(4636,1.0470069929669521E-4)
(7704,5.061974152456418E-5)
(7192,1.0470069929669521E-4)
(4296,1.0470069929669521E-4)
(3892,1.0470069929669521E-4)
(4436,1.0470069929669521E-4)
(6604,5.061974152456418E-5)
(2228,1.0470069929669521E-4)
(2380,1.0470069929669521E-4)
(1948,1.0470069929669521E-4)
(4448,1.0470069929669521E-4)
(232,1.0470069929669521E-4)
(5564,1.0470069929669521E-4)
(6288,1.0470069929669521E-4)
(3852,1.0470069929669521E-4)
(4172,1.0470069929669521E-4)
(6912,1.0470069929669521E-4)
(7320,1.0470069929669521E-4)
(240,1.0470069929669521E-4)
(8644,1.0470069929669521E-4)
(7260,1.0470069929669521E-4)
(7524,1.0470069929669521E-4)
(7880,1.0470069929669521E-4)
(4456,1.0470069929669521E-4)
(5572,1.0470069929669521E-4)
(6212,1.0470069929669521E-4)
(9808,7.702118669812164E-5)
(8184,1.0470069929669521E-4)
(1832,1.0470069929669521E-4)
(8416,1.0470069929669521E-4)
(5780,1.0470069929669521E-4)
(6800,1.0470069929669521E-4)
(7960,1.0470069929669521E-4)
(9560,1.0470069929669521E-4)
(8928,1.0470069929669521E-4)
(8776,1.0470069929669521E-4)
(3956,1.0470069929669521E-4)
(484,1.0470069929669521E-4)
(5076,1.0470069929669521E-4)
(1392,1.0470069929669521E-4)
(7576,1.0470069929669521E-4)
(4704,5.061974152456418E-5)
(2340,1.0470069929669521E-4)
(1736,1.0470069929669521E-4)
(3460,1.0470069929669521E-4)
(3984,1.0470069929669521E-4)
(4844,1.0470069929669521E-4)
(5936,1.0470069929669521E-4)
(8264,1.0470069929669521E-4)
(5416,1.0470069929669521E-4)
(9864,1.0470069929669521E-4)
(9308,7.702118669812164E-5)
(7036,1.0470069929669521E-4)
(2896,1.0470069929669521E-4)
(860,1.0470069929669521E-4)
(8360,1.0470069929669521E-4)
(7296,1.0470069929669521E-4)
(5304,5.061974152456418E-5)
(828,1.0470069929669521E-4)
(4392,1.0470069929669521E-4)
(7084,1.0470069929669521E-4)
(8772,1.0470069929669521E-4)
(9144,1.0470069929669521E-4)
(1552,1.0470069929669521E-4)
(6820,1.0470069929669521E-4)
(8936,1.0470069929669521E-4)
(964,1.0470069929669521E-4)
(7904,5.061974152456418E-5)
(5644,1.0470069929669521E-4)
(2144,1.0470069929669521E-4)
(2316,1.0470069929669521E-4)
(6596,1.0470069929669521E-4)
(5804,5.061974152456418E-5)
(1644,1.0470069929669521E-4)
(1812,1.0470069929669521E-4)
(3680,1.0470069929669521E-4)
(5992,1.0470069929669521E-4)
(9892,1.0470069929669521E-4)
(5924,1.0470069929669521E-4)
(2908,7.702118669812164E-5)
(5948,1.0470069929669521E-4)
(5008,7.702118669812164E-5)
(5600,1.0470069929669521E-4)
(8844,1.0470069929669521E-4)
(6812,1.0470069929669521E-4)
(3872,1.0470069929669521E-4)
(6328,1.0470069929669521E-4)
(1860,1.0470069929669521E-4)
(5480,1.0470069929669521E-4)
(7368,1.0470069929669521E-4)
(9556,1.0470069929669521E-4)
(1744,1.0470069929669521E-4)
(4164,1.0470069929669521E-4)
(5768,1.0470069929669521E-4)
(8556,1.0470069929669521E-4)
(7460,1.0470069929669521E-4)
(7868,1.0470069929669521E-4)
(1980,1.0470069929669521E-4)
(7832,1.0470069929669521E-4)
(7504,5.061974152456418E-5)
(8044,1.0470069929669521E-4)
(9352,1.0470069929669521E-4)
(8608,7.702118669812164E-5)
(1224,1.0470069929669521E-4)
(9276,1.0470069929669521E-4)
(4284,1.0470069929669521E-4)
(6516,1.0470069929669521E-4)
(8548,1.0470069929669521E-4)
(388,1.0470069929669521E-4)
(296,1.0470069929669521E-4)
(5264,1.0470069929669521E-4)
(9048,1.0470069929669521E-4)
(3260,1.0470069929669521E-4)
(1784,1.0470069929669521E-4)
(9764,1.0470069929669521E-4)
(3820,1.0470069929669521E-4)
(1676,1.0470069929669521E-4)
(8224,1.0470069929669521E-4)
(2388,1.0470069929669521E-4)
(4504,5.061974152456418E-5)
(2500,1.0470069929669521E-4)
(6540,1.0470069929669521E-4)
(5360,1.0470069929669521E-4)
(8628,1.0470069929669521E-4)
(9540,1.0470069929669521E-4)
(1912,1.0470069929669521E-4)
(2496,1.0470069929669521E-4)
(2580,1.0470069929669521E-4)
(6504,5.061974152456418E-5)
(1156,1.0470069929669521E-4)
(9744,1.0470069929669521E-4)
(1332,1.0470069929669521E-4)
(2536,1.0470069929669521E-4)
(4188,1.0470069929669521E-4)
(8468,1.0470069929669521E-4)
(4500,1.0470069929669521E-4)
(3924,1.0470069929669521E-4)
(6916,1.0470069929669521E-4)
(2932,1.0470069929669521E-4)
(5652,1.0470069929669521E-4)
(8524,1.0470069929669521E-4)
(248,1.0470069929669521E-4)
(852,1.0470069929669521E-4)
(9460,1.0470069929669521E-4)
(1760,1.0470069929669521E-4)
(2408,7.702118669812164E-5)
(1064,1.0470069929669521E-4)
(4720,1.0470069929669521E-4)
(9936,1.0470069929669521E-4)
(6964,1.0470069929669521E-4)
(1504,5.061974152456418E-5)
(1276,1.0470069929669521E-4)
(3076,1.0470069929669521E-4)
(5580,1.0470069929669521E-4)
(1944,1.0470069929669521E-4)
(3732,1.0470069929669521E-4)
(5496,1.0470069929669521E-4)
(4380,1.0470069929669521E-4)
(8492,1.0470069929669521E-4)
(6296,1.0470069929669521E-4)
(704,5.061974152456418E-5)
(3756,1.0470069929669521E-4)
(756,1.0470069929669521E-4)
(3928,1.0470069929669521E-4)
(1508,7.702118669812164E-5)
(6436,1.0470069929669521E-4)
(9500,1.0470069929669521E-4)
(6572,1.0470069929669521E-4)
(6932,1.0470069929669521E-4)
(9480,1.0470069929669521E-4)
(8456,1.0470069929669521E-4)
(1844,1.0470069929669521E-4)
(9504,5.061974152456418E-5)
(7588,1.0470069929669521E-4)
(9648,1.0470069929669521E-4)
(3392,1.0470069929669521E-4)
(1692,1.0470069929669521E-4)
(4096,1.0470069929669521E-4)
(3544,1.0470069929669521E-4)
(2140,1.0470069929669521E-4)
(8828,1.0470069929669521E-4)
(4852,1.0470069929669521E-4)
(2460,1.0470069929669521E-4)
(3276,1.0470069929669521E-4)
(9552,1.0470069929669521E-4)
(2336,1.0470069929669521E-4)
(5900,1.0470069929669521E-4)
(8508,7.702118669812164E-5)
(7796,1.0470069929669521E-4)
(1072,1.0470069929669521E-4)
(8816,1.0470069929669521E-4)
(244,1.0470069929669521E-4)
(684,1.0470069929669521E-4)
(1960,1.0470069929669521E-4)
(3300,1.0470069929669521E-4)
(4604,5.061974152456418E-5)
(2684,1.0470069929669521E-4)
(7916,1.0470069929669521E-4)
(5464,1.0470069929669521E-4)
(9404,5.061974152456418E-5)
(1208,7.702118669812164E-5)
(1388,1.0470069929669521E-4)
(2328,1.0470069929669521E-4)
(3908,7.702118669812164E-5)
(4560,1.0470069929669521E-4)
(4932,1.0470069929669521E-4)
(2920,1.0470069929669521E-4)
(3688,1.0470069929669521E-4)
(6588,1.0470069929669521E-4)
(7388,1.0470069929669521E-4)
(6632,1.0470069929669521E-4)
(3944,1.0470069929669521E-4)
(3936,1.0470069929669521E-4)
(6748,1.0470069929669521E-4)
(272,1.0470069929669521E-4)
(1584,1.0470069929669521E-4)
(8200,1.0470069929669521E-4)
(8132,1.0470069929669521E-4)
(9000,1.0470069929669521E-4)
(4692,1.0470069929669521E-4)
(9152,1.0470069929669521E-4)
(9252,1.0470069929669521E-4)
(4972,1.0470069929669521E-4)
(1188,1.0470069929669521E-4)
(976,1.0470069929669521E-4)
(4668,1.0470069929669521E-4)
(816,1.0470069929669521E-4)
(7640,1.0470069929669521E-4)
(9608,7.702118669812164E-5)
(3292,1.0470069929669521E-4)
(6252,1.0470069929669521E-4)
(980,1.0470069929669521E-4)
(2056,1.0470069929669521E-4)
(5548,1.0470069929669521E-4)
(8752,1.0470069929669521E-4)
(8972,1.0470069929669521E-4)
(9348,1.0470069929669521E-4)
(2680,1.0470069929669521E-4)
(9212,1.0470069929669521E-4)
(4748,1.0470069929669521E-4)
(2284,1.0470069929669521E-4)
(5568,1.0470069929669521E-4)
(8432,1.0470069929669521E-4)
(2344,1.0470069929669521E-4)
(584,1.0470069929669521E-4)
(3044,1.0470069929669521E-4)
(4660,1.0470069929669521E-4)
(5852,1.0470069929669521E-4)
(1604,5.061974152456418E-5)
(3372,1.0470069929669521E-4)
(3176,1.0470069929669521E-4)
(7404,5.061974152456418E-5)
(1140,1.0470069929669521E-4)
(1380,1.0470069929669521E-4)
(3668,1.0470069929669521E-4)
(3656,1.0470069929669521E-4)
(2560,1.0470069929669521E-4)
(6256,1.0470069929669521E-4)
(5716,1.0470069929669521E-4)
(7940,1.0470069929669521E-4)
(1684,1.0470069929669521E-4)
(2204,5.061974152456418E-5)
(6856,1.0470069929669521E-4)
(328,1.0470069929669521E-4)
(7108,7.702118669812164E-5)
(1360,1.0470069929669521E-4)
(3344,1.0470069929669521E-4)
(1924,1.0470069929669521E-4)
(3232,1.0470069929669521E-4)
(7044,1.0470069929669521E-4)
(7508,7.702118669812164E-5)
(7564,1.0470069929669521E-4)
(800,1.0470069929669521E-4)
(2212,1.0470069929669521E-4)
(9136,1.0470069929669521E-4)
(2520,1.0470069929669521E-4)
(4880,1.0470069929669521E-4)
(7664,1.0470069929669521E-4)
(5280,1.0470069929669521E-4)
(5012,1.0470069929669521E-4)
(4252,1.0470069929669521E-4)
(648,1.0470069929669521E-4)
(7316,1.0470069929669521E-4)
(5476,1.0470069929669521E-4)
(4340,1.0470069929669521E-4)
(7968,1.0470069929669521E-4)
(5232,1.0470069929669521E-4)
(5616,1.0470069929669521E-4)
(7056,1.0470069929669521E-4)
(8724,1.0470069929669521E-4)
(3768,1.0470069929669521E-4)
(6624,1.0470069929669521E-4)
(5748,1.0470069929669521E-4)
(7252,1.0470069929669521E-4)
(5904,5.061974152456418E-5)
(6132,1.0470069929669521E-4)
(596,1.0470069929669521E-4)
(1108,7.702118669812164E-5)
(2764,1.0470069929669521E-4)
(1648,1.0470069929669521E-4)
(9420,1.0470069929669521E-4)
(6992,1.0470069929669521E-4)
(6000,1.0470069929669521E-4)
(1180,1.0470069929669521E-4)
(3432,1.0470069929669521E-4)
(3608,7.702118669812164E-5)
(5296,1.0470069929669521E-4)
(7892,1.0470069929669521E-4)
(6416,1.0470069929669521E-4)
(7956,1.0470069929669521E-4)
(5560,1.0470069929669521E-4)
(8700,1.0470069929669521E-4)
(2620,1.0470069929669521E-4)
(8240,1.0470069929669521E-4)
(9232,1.0470069929669521E-4)
(8024,1.0470069929669521E-4)
(1292,1.0470069929669521E-4)
(4872,1.0470069929669521E-4)
(5516,1.0470069929669521E-4)
(4616,1.0470069929669521E-4)
(6492,1.0470069929669521E-4)
(8636,1.0470069929669521E-4)
(4644,1.0470069929669521E-4)
(6004,5.061974152456418E-5)
(6432,1.0470069929669521E-4)
(5164,1.0470069929669521E-4)
(8192,1.0470069929669521E-4)
(1212,1.0470069929669521E-4)
(5424,1.0470069929669521E-4)
(2064,1.0470069929669521E-4)
(6848,1.0470069929669521E-4)
(6744,1.0470069929669521E-4)
(8888,1.0470069929669521E-4)
(8560,1.0470069929669521E-4)
(7408,7.702118669812164E-5)
(1544,1.0470069929669521E-4)
(5132,1.0470069929669521E-4)
(7568,1.0470069929669521E-4)
(3764,1.0470069929669521E-4)
(772,1.0470069929669521E-4)
(9060,1.0470069929669521E-4)
(6388,1.0470069929669521E-4)
(752,1.0470069929669521E-4)
(7148,1.0470069929669521E-4)
(4352,1.0470069929669521E-4)
(1724,1.0470069929669521E-4)
(428,1.0470069929669521E-4)
(7396,1.0470069929669521E-4)
(9068,1.0470069929669521E-4)
(1900,1.0470069929669521E-4)
(1328,1.0470069929669521E-4)
(464,1.0470069929669521E-4)
(6156,1.0470069929669521E-4)
(1336,1.0470069929669521E-4)
(6220,1.0470069929669521E-4)
(4476,1.0470069929669521E-4)
(9076,1.0470069929669521E-4)
(8708,7.702118669812164E-5)
(5460,1.0470069929669521E-4)
(9484,1.0470069929669521E-4)
(1128,1.0470069929669521E-4)
(2892,1.0470069929669521E-4)
(9172,1.0470069929669521E-4)
(6440,1.0470069929669521E-4)
(8452,1.0470069929669521E-4)
(7700,1.0470069929669521E-4)
(228,1.0470069929669521E-4)
(1416,1.0470069929669521E-4)
(6196,1.0470069929669521E-4)
(7596,1.0470069929669521E-4)
(192,1.0470069929669521E-4)
(5144,1.0470069929669521E-4)
(7432,1.0470069929669521E-4)
(2716,1.0470069929669521E-4)
(3192,1.0470069929669521E-4)
(8868,1.0470069929669521E-4)
(1304,5.061974152456418E-5)
(3240,1.0470069929669521E-4)
(992,1.0470069929669521E-4)
(9328,1.0470069929669521E-4)
(9836,1.0470069929669521E-4)
(4116,1.0470069929669521E-4)
(7128,1.0470069929669521E-4)
(8272,1.0470069929669521E-4)
(9928,1.0470069929669521E-4)
(7812,1.0470069929669521E-4)
(2608,7.702118669812164E-5)
(8004,5.061974152456418E-5)
(8196,1.0470069929669521E-4)
(9256,1.0470069929669521E-4)
(1404,5.061974152456418E-5)
(9828,1.0470069929669521E-4)
(4876,1.0470069929669521E-4)
(696,1.0470069929669521E-4)
(2108,7.702118669812164E-5)
(8692,1.0470069929669521E-4)
(6688,1.0470069929669521E-4)
(1308,7.702118669812164E-5)
(2712,1.0470069929669521E-4)
(9724,1.0470069929669521E-4)
(4664,1.0470069929669521E-4)
(4828,1.0470069929669521E-4)
(2116,1.0470069929669521E-4)
(8912,1.0470069929669521E-4)
(3332,1.0470069929669521E-4)
(3896,1.0470069929669521E-4)
(9664,1.0470069929669521E-4)
(1104,5.061974152456418E-5)
(784,1.0470069929669521E-4)
(2732,1.0470069929669521E-4)
(848,1.0470069929669521E-4)
(6032,1.0470069929669521E-4)
(4036,1.0470069929669521E-4)
(5004,5.061974152456418E-5)
(9464,1.0470069929669521E-4)
(9952,1.0470069929669521E-4)
(5504,5.061974152456418E-5)
(292,1.0470069929669521E-4)
(1592,1.0470069929669521E-4)
(5676,1.0470069929669521E-4)
(4592,1.0470069929669521E-4)
(1296,1.0470069929669521E-4)
(7060,1.0470069929669521E-4)
(7336,1.0470069929669521E-4)
(4060,1.0470069929669521E-4)
(2164,1.0470069929669521E-4)
(8204,5.061974152456418E-5)
(4656,1.0470069929669521E-4)
(8848,1.0470069929669521E-4)
(5236,1.0470069929669521E-4)
(6092,1.0470069929669521E-4)
(8576,1.0470069929669521E-4)
(9116,1.0470069929669521E-4)
(9092,1.0470069929669521E-4)
(6904,5.061974152456418E-5)
(252,1.0470069929669521E-4)
(2604,5.061974152456418E-5)
(2464,1.0470069929669521E-4)
(1020,1.0470069929669521E-4)
(5576,1.0470069929669521E-4)
(7052,1.0470069929669521E-4)
(5732,1.0470069929669521E-4)
(9584,1.0470069929669521E-4)
(9568,1.0470069929669521E-4)
(4920,1.0470069929669521E-4)
(688,1.0470069929669521E-4)
(6152,1.0470069929669521E-4)
(9908,7.702118669812164E-5)
(9640,1.0470069929669521E-4)
(5636,1.0470069929669521E-4)
(2600,1.0470069929669521E-4)
(7872,1.0470069929669521E-4)
(2964,1.0470069929669521E-4)
(592,1.0470069929669521E-4)
(8984,1.0470069929669521E-4)
(5160,1.0470069929669521E-4)
(7176,1.0470069929669521E-4)
(5604,5.061974152456418E-5)
(8284,1.0470069929669521E-4)
(2924,1.0470069929669521E-4)
(1932,1.0470069929669521E-4)
(3740,1.0470069929669521E-4)
(5788,1.0470069929669521E-4)
(3484,1.0470069929669521E-4)
(3284,1.0470069929669521E-4)
(7552,1.0470069929669521E-4)
(740,1.0470069929669521E-4)
(2808,7.702118669812164E-5)
(3516,1.0470069929669521E-4)
(3600,1.0470069929669521E-4)
(1968,1.0470069929669521E-4)
(804,5.061974152456418E-5)
(6828,1.0470069929669521E-4)
(2792,1.0470069929669521E-4)
(2768,1.0470069929669521E-4)
(4028,1.0470069929669521E-4)
(7356,1.0470069929669521E-4)
(1172,1.0470069929669521E-4)
(3616,1.0470069929669521E-4)
(6176,1.0470069929669521E-4)
(1424,1.0470069929669521E-4)
(6580,1.0470069929669521E-4)
(4452,1.0470069929669521E-4)
(7592,1.0470069929669521E-4)
(8228,1.0470069929669521E-4)
(8236,1.0470069929669521E-4)
(1100,1.0470069929669521E-4)
(3364,1.0470069929669521E-4)
(4440,1.0470069929669521E-4)
(8220,1.0470069929669521E-4)
(2488,1.0470069929669521E-4)
(8804,5.061974152456418E-5)
(9984,1.0470069929669521E-4)
(5044,1.0470069929669521E-4)
(2844,1.0470069929669521E-4)
(4108,7.702118669812164E-5)
(7124,1.0470069929669521E-4)
(3452,1.0470069929669521E-4)
(672,1.0470069929669521E-4)
(4940,1.0470069929669521E-4)
(2248,1.0470069929669521E-4)
(1540,1.0470069929669521E-4)
(1680,1.0470069929669521E-4)
(3060,1.0470069929669521E-4)
(4796,1.0470069929669521E-4)
(5844,1.0470069929669521E-4)
(6452,1.0470069929669521E-4)
(2668,1.0470069929669521E-4)
(6140,1.0470069929669521E-4)
(6240,1.0470069929669521E-4)
(4588,1.0470069929669521E-4)
(4344,1.0470069929669521E-4)
(7860,1.0470069929669521E-4)
(7824,1.0470069929669521E-4)
(2956,1.0470069929669521E-4)
(9588,1.0470069929669521E-4)
(8156,1.0470069929669521E-4)
(2544,1.0470069929669521E-4)
(2980,1.0470069929669521E-4)
(3792,1.0470069929669521E-4)
(6712,1.0470069929669521E-4)
(9064,1.0470069929669521E-4)
(8484,1.0470069929669521E-4)
(400,1.0470069929669521E-4)
(2364,1.0470069929669521E-4)
(6468,1.0470069929669521E-4)
(8764,1.0470069929669521E-4)
(588,1.0470069929669521E-4)
(764,1.0470069929669521E-4)
(8068,1.0470069929669521E-4)
(2020,1.0470069929669521E-4)
(224,1.0470069929669521E-4)
(6876,1.0470069929669521E-4)
(1200,1.0470069929669521E-4)
(4736,1.0470069929669521E-4)
(9040,1.0470069929669521E-4)
(4396,1.0470069929669521E-4)
(1916,1.0470069929669521E-4)
(6340,1.0470069929669521E-4)
(2700,1.0470069929669521E-4)
(8324,1.0470069929669521E-4)
(9176,1.0470069929669521E-4)
(572,1.0470069929669521E-4)
(6464,1.0470069929669521E-4)
(8920,1.0470069929669521E-4)
(1548,1.0470069929669521E-4)
(3064,1.0470069929669521E-4)
(9376,1.0470069929669521E-4)
(1472,1.0470069929669521E-4)
(3280,1.0470069929669521E-4)
(6128,1.0470069929669521E-4)
(9516,1.0470069929669521E-4)
(1624,1.0470069929669521E-4)
(2992,1.0470069929669521E-4)
(4180,1.0470069929669521E-4)
(3096,1.0470069929669521E-4)
(8820,1.0470069929669521E-4)
(5472,1.0470069929669521E-4)
(6996,1.0470069929669521E-4)
(9964,1.0470069929669521E-4)
(9160,1.0470069929669521E-4)
(312,1.0470069929669521E-4)
(1888,1.0470069929669521E-4)
(9748,1.0470069929669521E-4)
(6988,1.0470069929669521E-4)
(6836,1.0470069929669521E-4)
(8824,1.0470069929669521E-4)
(936,1.0470069929669521E-4)
(2564,1.0470069929669521E-4)
(5536,1.0470069929669521E-4)
(2012,1.0470069929669521E-4)
(9660,1.0470069929669521E-4)
(456,1.0470069929669521E-4)
(8652,1.0470069929669521E-4)
(1884,1.0470069929669521E-4)
(64,1.0470069929669521E-4)
(1492,1.0470069929669521E-4)
(2236,1.0470069929669521E-4)
(3020,1.0470069929669521E-4)
(3388,1.0470069929669521E-4)
(9132,1.0470069929669521E-4)
(7360,1.0470069929669521E-4)
(7836,1.0470069929669521E-4)
(7924,1.0470069929669521E-4)
(2988,1.0470069929669521E-4)
(6408,7.702118669812164E-5)
(1728,1.0470069929669521E-4)
(9260,1.0470069929669521E-4)
(508,7.702118669812164E-5)
(640,1.0470069929669521E-4)
(2136,1.0470069929669521E-4)
(3716,1.0470069929669521E-4)
(6896,1.0470069929669521E-4)
(9096,1.0470069929669521E-4)
(2876,1.0470069929669521E-4)
(3492,1.0470069929669521E-4)
(6804,5.061974152456418E-5)
(7984,1.0470069929669521E-4)
(1516,1.0470069929669521E-4)
(2720,1.0470069929669521E-4)
(3724,1.0470069929669521E-4)
(8148,1.0470069929669521E-4)
(2324,1.0470069929669521E-4)
(7308,7.702118669812164E-5)
(4236,1.0470069929669521E-4)
(7300,1.0470069929669521E-4)
(4856,1.0470069929669521E-4)
(5608,7.702118669812164E-5)
(8152,1.0470069929669521E-4)
(2612,1.0470069929669521E-4)
(8160,1.0470069929669521E-4)
(116,1.0470069929669521E-4)
(1708,7.702118669812164E-5)
(8500,1.0470069929669521E-4)
(9896,1.0470069929669521E-4)
(0,0.0)
(3080,1.0470069929669521E-4)
(2880,1.0470069929669521E-4)
(8916,1.0470069929669521E-4)
(9304,5.061974152456418E-5)
(5412,1.0470069929669521E-4)
(8684,1.0470069929669521E-4)
(9576,1.0470069929669521E-4)
(4712,1.0470069929669521E-4)
(1620,1.0470069929669521E-4)
(8600,1.0470069929669521E-4)
(9444,1.0470069929669521E-4)
(2168,1.0470069929669521E-4)
(6556,1.0470069929669521E-4)
(7660,1.0470069929669521E-4)
(1720,1.0470069929669521E-4)
(9036,1.0470069929669521E-4)
(1248,1.0470069929669521E-4)
(656,1.0470069929669521E-4)
(9564,1.0470069929669521E-4)
(2348,1.0470069929669521E-4)
(4848,1.0470069929669521E-4)
(6976,1.0470069929669521E-4)
(7604,5.061974152456418E-5)
(1804,5.061974152456418E-5)
(9472,1.0470069929669521E-4)
(2356,1.0470069929669521E-4)
(9380,1.0470069929669521E-4)
(3468,1.0470069929669521E-4)
(5448,1.0470069929669521E-4)
(480,1.0470069929669521E-4)
(1740,1.0470069929669521E-4)
(6772,1.0470069929669521E-4)
(3124,1.0470069929669521E-4)
(4432,1.0470069929669521E-4)
(1528,1.0470069929669521E-4)
(3860,1.0470069929669521E-4)
(8940,1.0470069929669521E-4)
(7520,1.0470069929669521E-4)
(8280,1.0470069929669521E-4)
(212,1.0470069929669521E-4)
(2160,1.0470069929669521E-4)
(6892,1.0470069929669521E-4)
(8008,7.702118669812164E-5)
(7672,1.0470069929669521E-4)
(9820,1.0470069929669521E-4)
(8376,1.0470069929669521E-4)
(8812,1.0470069929669521E-4)
(8440,1.0470069929669521E-4)
(3836,1.0470069929669521E-4)
(4324,1.0470069929669521E-4)
(1220,1.0470069929669521E-4)
(5140,1.0470069929669521E-4)
(6780,1.0470069929669521E-4)
(1352,1.0470069929669521E-4)
(6884,1.0470069929669521E-4)
(8088,1.0470069929669521E-4)
(9244,1.0470069929669521E-4)
(2000,1.0470069929669521E-4)
(7200,1.0470069929669521E-4)
(9972,1.0470069929669521E-4)
(3572,1.0470069929669521E-4)
(676,1.0470069929669521E-4)
(6160,1.0470069929669521E-4)
(5200,1.0470069929669521E-4)
(2852,1.0470069929669521E-4)
(6880,1.0470069929669521E-4)
(9776,1.0470069929669521E-4)
(8864,1.0470069929669521E-4)
(8852,1.0470069929669521E-4)
(7944,1.0470069929669521E-4)
(5512,1.0470069929669521E-4)
(3540,1.0470069929669521E-4)
(1408,7.702118669812164E-5)
(4144,1.0470069929669521E-4)
(1600,1.0470069929669521E-4)
(4332,1.0470069929669521E-4)
(8704,5.061974152456418E-5)
(7728,1.0470069929669521E-4)
(4764,1.0470069929669521E-4)
(9696,1.0470069929669521E-4)
(9956,1.0470069929669521E-4)
(4896,1.0470069929669521E-4)
(9620,1.0470069929669521E-4)
(9124,1.0470069929669521E-4)
(1824,1.0470069929669521E-4)
(4524,1.0470069929669521E-4)
(5860,1.0470069929669521E-4)
(2156,1.0470069929669521E-4)
(7784,1.0470069929669521E-4)
(2100,1.0470069929669521E-4)
(5152,1.0470069929669521E-4)
(7064,1.0470069929669521E-4)
(9644,1.0470069929669521E-4)
(2916,1.0470069929669521E-4)
(5468,1.0470069929669521E-4)
(1012,1.0470069929669521E-4)
(556,1.0470069929669521E-4)
(5180,1.0470069929669521E-4)
(1768,1.0470069929669521E-4)
(4400,1.0470069929669521E-4)
(476,1.0470069929669521E-4)
(8496,1.0470069929669521E-4)
(4248,1.0470069929669521E-4)
(2308,7.702118669812164E-5)
(4832,1.0470069929669521E-4)
(5960,1.0470069929669521E-4)
(7340,1.0470069929669521E-4)
(3992,1.0470069929669521E-4)
(6756,1.0470069929669521E-4)
(5432,1.0470069929669521E-4)
(6364,1.0470069929669521E-4)
(9228,1.0470069929669521E-4)
(5524,1.0470069929669521E-4)
(9916,1.0470069929669521E-4)
(896,1.0470069929669521E-4)
(4136,1.0470069929669521E-4)
(8232,1.0470069929669521E-4)
(6204,5.061974152456418E-5)
(4100,1.0470069929669521E-4)
(7328,1.0470069929669521E-4)
(824,1.0470069929669521E-4)
(760,1.0470069929669521E-4)
(5120,1.0470069929669521E-4)
(56,1.0470069929669521E-4)
(8076,1.0470069929669521E-4)
(920,1.0470069929669521E-4)
(9016,1.0470069929669521E-4)
(9596,1.0470069929669521E-4)
(1484,1.0470069929669521E-4)
(8308,7.702118669812164E-5)
(6272,1.0470069929669521E-4)
(5352,1.0470069929669521E-4)
(708,7.702118669812164E-5)
(8632,1.0470069929669521E-4)
(2416,1.0470069929669521E-4)
(1116,1.0470069929669521E-4)
(3088,1.0470069929669521E-4)
(6100,1.0470069929669521E-4)
(5980,1.0470069929669521E-4)
(9888,1.0470069929669521E-4)
(9072,1.0470069929669521E-4)
(6656,1.0470069929669521E-4)
(9944,1.0470069929669521E-4)
(8900,1.0470069929669521E-4)
(4048,1.0470069929669521E-4)
(4152,1.0470069929669521E-4)
(6908,7.702118669812164E-5)
(6068,1.0470069929669521E-4)
(2936,1.0470069929669521E-4)
(4584,1.0470069929669521E-4)
(3960,1.0470069929669521E-4)
(4232,1.0470069929669521E-4)
(8012,1.0470069929669521E-4)
(2516,1.0470069929669521E-4)
(4112,1.0470069929669521E-4)
(6968,1.0470069929669521E-4)
(768,1.0470069929669521E-4)
(6048,1.0470069929669521E-4)
(6584,1.0470069929669521E-4)
(3748,1.0470069929669521E-4)
(7384,1.0470069929669521E-4)
(1776,1.0470069929669521E-4)
(5760,1.0470069929669521E-4)
(2532,1.0470069929669521E-4)
(9392,1.0470069929669521E-4)
(3592,1.0470069929669521E-4)
(5308,7.702118669812164E-5)
(8176,1.0470069929669521E-4)
(9548,1.0470069929669521E-4)
(440,1.0470069929669521E-4)
(2484,1.0470069929669521E-4)
(5596,1.0470069929669521E-4)
(856,1.0470069929669521E-4)
(2376,1.0470069929669521E-4)
(5856,1.0470069929669521E-4)
(6172,1.0470069929669521E-4)
(80,1.0470069929669521E-4)
(8880,1.0470069929669521E-4)
(2384,1.0470069929669521E-4)
(1048,1.0470069929669521E-4)
(3728,1.0470069929669521E-4)
(4784,1.0470069929669521E-4)
(3612,1.0470069929669521E-4)
(1436,1.0470069929669521E-4)
(352,1.0470069929669521E-4)
(3968,1.0470069929669521E-4)
(1056,1.0470069929669521E-4)
(4088,1.0470069929669521E-4)
(5868,1.0470069929669521E-4)
(5396,1.0470069929669521E-4)
(7204,5.061974152456418E-5)
(1936,1.0470069929669521E-4)
(7072,1.0470069929669521E-4)
(7936,1.0470069929669521E-4)
(9712,1.0470069929669521E-4)
(9880,1.0470069929669521E-4)
(8084,1.0470069929669521E-4)
(4140,1.0470069929669521E-4)
(9692,1.0470069929669521E-4)
(8300,1.0470069929669521E-4)
(8168,1.0470069929669521E-4)
(3584,1.0470069929669521E-4)
(7424,1.0470069929669521E-4)
(864,1.0470069929669521E-4)
(6396,1.0470069929669521E-4)
(9740,1.0470069929669521E-4)
(2888,1.0470069929669521E-4)
(4808,7.702118669812164E-5)
(7000,1.0470069929669521E-4)
(2740,1.0470069929669521E-4)
(7884,1.0470069929669521E-4)
(9320,1.0470069929669521E-4)
(4176,1.0470069929669521E-4)
(4272,1.0470069929669521E-4)
(5976,1.0470069929669521E-4)
(424,1.0470069929669521E-4)
(2984,1.0470069929669521E-4)
(3256,1.0470069929669521E-4)
(200,1.0470069929669521E-4)
(5020,1.0470069929669521E-4)
(1440,1.0470069929669521E-4)
(6424,1.0470069929669521E-4)
(7740,1.0470069929669521E-4)
(5368,1.0470069929669521E-4)
(3916,1.0470069929669521E-4)
(7040,1.0470069929669521E-4)
(7620,1.0470069929669521E-4)
(220,1.0470069929669521E-4)
(3224,1.0470069929669521E-4)
(9496,1.0470069929669521E-4)
(3800,1.0470069929669521E-4)
(1640,1.0470069929669521E-4)
(2476,1.0470069929669521E-4)
(972,1.0470069929669521E-4)
(1456,1.0470069929669521E-4)
(2728,1.0470069929669521E-4)
(6972,1.0470069929669521E-4)
(3152,1.0470069929669521E-4)
(4820,1.0470069929669521E-4)
(7752,1.0470069929669521E-4)
(1756,1.0470069929669521E-4)
(1892,1.0470069929669521E-4)
(1240,1.0470069929669521E-4)
(5380,1.0470069929669521E-4)
(780,1.0470069929669521E-4)
(2552,1.0470069929669521E-4)
(5392,1.0470069929669521E-4)
(1748,1.0470069929669521E-4)
(9188,1.0470069929669521E-4)
(8000,1.0470069929669521E-4)
(9288,1.0470069929669521E-4)
(308,7.702118669812164E-5)
(1836,1.0470069929669521E-4)
(3720,1.0470069929669521E-4)
(8124,1.0470069929669521E-4)
(8680,1.0470069929669521E-4)
(3840,1.0470069929669521E-4)
(8932,1.0470069929669521E-4)
(3844,1.0470069929669521E-4)
(2172,1.0470069929669521E-4)
(6728,1.0470069929669521E-4)
(8540,1.0470069929669521E-4)
(6808,7.702118669812164E-5)
(6620,1.0470069929669521E-4)
(3200,1.0470069929669521E-4)
(5664,1.0470069929669521E-4)
(3120,1.0470069929669521E-4)
(8380,1.0470069929669521E-4)
(4496,1.0470069929669521E-4)
(4980,1.0470069929669521E-4)
(2428,1.0470069929669521E-4)
(8256,1.0470069929669521E-4)
(1512,1.0470069929669521E-4)
(4836,1.0470069929669521E-4)
(5996,1.0470069929669521E-4)
(748,1.0470069929669521E-4)
(8096,1.0470069929669521E-4)
(9408,7.702118669812164E-5)
(3596,1.0470069929669521E-4)
(1764,1.0470069929669521E-4)
(5060,1.0470069929669521E-4)
(9860,1.0470069929669521E-4)
(716,1.0470069929669521E-4)
(4536,1.0470069929669521E-4)
(1464,1.0470069929669521E-4)
(4068,1.0470069929669521E-4)
(9184,1.0470069929669521E-4)
(8352,1.0470069929669521E-4)
(108,7.702118669812164E-5)
(7808,7.702118669812164E-5)
(1256,1.0470069929669521E-4)
(3632,1.0470069929669521E-4)
(6052,1.0470069929669521E-4)
(540,1.0470069929669521E-4)
(1384,1.0470069929669521E-4)
(1236,1.0470069929669521E-4)
(2024,1.0470069929669521E-4)
(4444,1.0470069929669521E-4)
(1524,1.0470069929669521E-4)
(48,1.0470069929669521E-4)
(7684,1.0470069929669521E-4)
(2996,1.0470069929669521E-4)
(5408,7.702118669812164E-5)
(4800,1.0470069929669521E-4)
(6232,1.0470069929669521E-4)
(1088,1.0470069929669521E-4)
(5836,1.0470069929669521E-4)
(2260,1.0470069929669521E-4)
(4708,7.702118669812164E-5)
(5128,1.0470069929669521E-4)
(7636,1.0470069929669521E-4)
(2148,1.0470069929669521E-4)
(3188,1.0470069929669521E-4)
(5540,1.0470069929669521E-4)
(5212,1.0470069929669521E-4)
(7208,7.702118669812164E-5)
(6860,1.0470069929669521E-4)
(3580,1.0470069929669521E-4)
(468,1.0470069929669521E-4)
(8140,1.0470069929669521E-4)
(448,1.0470069929669521E-4)
(1312,1.0470069929669521E-4)
(392,1.0470069929669521E-4)
(3028,1.0470069929669521E-4)
(7144,1.0470069929669521E-4)
(3948,1.0470069929669521E-4)
(7804,5.061974152456418E-5)
(6300,1.0470069929669521E-4)
(9628,1.0470069929669521E-4)
(776,1.0470069929669521E-4)
(5488,1.0470069929669521E-4)
(932,1.0470069929669521E-4)
(9796,1.0470069929669521E-4)
(68,1.0470069929669521E-4)
(2556,1.0470069929669521E-4)
(8996,1.0470069929669521E-4)
(8092,1.0470069929669521E-4)
(6520,1.0470069929669521E-4)
(1260,1.0470069929669521E-4)
(2596,1.0470069929669521E-4)
(324,1.0470069929669521E-4)
(180,1.0470069929669521E-4)
(1868,1.0470069929669521E-4)
(320,1.0470069929669521E-4)
(8372,1.0470069929669521E-4)
(4680,1.0470069929669521E-4)
(6360,1.0470069929669521E-4)
(408,7.702118669812164E-5)
(9340,1.0470069929669521E-4)
(7932,1.0470069929669521E-4)
(1036,1.0470069929669521E-4)
(4960,1.0470069929669521E-4)
(996,1.0470069929669521E-4)
(5256,1.0470069929669521E-4)
(4212,1.0470069929669521E-4)
(1976,1.0470069929669521E-4)
(9164,1.0470069929669521E-4)
(24,1.0470069929669521E-4)
(520,1.0470069929669521E-4)
(7412,1.0470069929669521E-4)
(8544,1.0470069929669521E-4)
(6392,1.0470069929669521E-4)
(4928,1.0470069929669521E-4)
(2848,1.0470069929669521E-4)
(5660,1.0470069929669521E-4)
(1060,1.0470069929669521E-4)
(3532,1.0470069929669521E-4)
(5704,5.061974152456418E-5)
(576,1.0470069929669521E-4)
(4508,7.702118669812164E-5)
(628,1.0470069929669521E-4)
(712,1.0470069929669521E-4)
(5240,1.0470069929669521E-4)
(3812,1.0470069929669521E-4)
(3480,1.0470069929669521E-4)
(4064,1.0470069929669521E-4)
(3052,1.0470069929669521E-4)
(4732,1.0470069929669521E-4)
(9372,1.0470069929669521E-4)
(7464,1.0470069929669521E-4)
(7496,1.0470069929669521E-4)
(7716,1.0470069929669521E-4)
(2960,1.0470069929669521E-4)
(3704,5.061974152456418E-5)
(5032,1.0470069929669521E-4)
(4104,5.061974152456418E-5)
(3672,1.0470069929669521E-4)
(4544,1.0470069929669521E-4)
(3772,1.0470069929669521E-4)
(4168,1.0470069929669521E-4)
(3420,1.0470069929669521E-4)
(9488,1.0470069929669521E-4)
(6008,7.702118669812164E-5)
(8736,1.0470069929669521E-4)
(9816,1.0470069929669521E-4)
(3208,7.702118669812164E-5)
(1096,1.0470069929669521E-4)
(7556,1.0470069929669521E-4)
(9324,1.0470069929669521E-4)
(7444,1.0470069929669521E-4)
(3320,1.0470069929669521E-4)
(4256,1.0470069929669521E-4)
(2872,1.0470069929669521E-4)
(9792,1.0470069929669521E-4)
(136,1.0470069929669521E-4)
(5640,1.0470069929669521E-4)
(9028,1.0470069929669521E-4)
(8208,7.702118669812164E-5)
(7972,1.0470069929669521E-4)
(1828,1.0470069929669521E-4)
(2372,1.0470069929669521E-4)
(2392,1.0470069929669521E-4)
(5088,1.0470069929669521E-4)
(4384,1.0470069929669521E-4)
(5500,1.0470069929669521E-4)
(524,1.0470069929669521E-4)
(8720,1.0470069929669521E-4)
(9264,1.0470069929669521E-4)
(216,1.0470069929669521E-4)
(1636,1.0470069929669521E-4)
(884,1.0470069929669521E-4)
(4760,1.0470069929669521E-4)
(5588,1.0470069929669521E-4)
(9456,1.0470069929669521E-4)
(3816,1.0470069929669521E-4)
(8992,1.0470069929669521E-4)
(9272,1.0470069929669521E-4)
(8320,1.0470069929669521E-4)
(9720,1.0470069929669521E-4)
(9220,1.0470069929669521E-4)
(6224,1.0470069929669521E-4)
(4824,1.0470069929669521E-4)
(6020,1.0470069929669521E-4)
(6576,1.0470069929669521E-4)
(1664,1.0470069929669521E-4)
(6184,1.0470069929669521E-4)
(736,1.0470069929669521E-4)
(2448,1.0470069929669521E-4)
(144,1.0470069929669521E-4)
(3056,1.0470069929669521E-4)
(3136,1.0470069929669521E-4)
(6208,7.702118669812164E-5)
(2708,7.702118669812164E-5)
(7120,1.0470069929669521E-4)
(9992,1.0470069929669521E-4)
(9652,1.0470069929669521E-4)
(404,5.061974152456418E-5)
(7840,1.0470069929669521E-4)
(7348,1.0470069929669521E-4)
(4196,1.0470069929669521E-4)
(3560,1.0470069929669521E-4)
(9572,1.0470069929669521E-4)
(3780,1.0470069929669521E-4)
(1264,1.0470069929669521E-4)
(6264,1.0470069929669521E-4)
(6900,1.0470069929669521E-4)
(2940,1.0470069929669521E-4)
(7744,1.0470069929669521E-4)
(1696,1.0470069929669521E-4)
(5208,7.702118669812164E-5)
(7980,1.0470069929669521E-4)
(2492,1.0470069929669521E-4)
(7080,1.0470069929669521E-4)
(1428,1.0470069929669521E-4)
(4124,1.0470069929669521E-4)
(3744,1.0470069929669521E-4)
(7876,1.0470069929669521E-4)
(3512,1.0470069929669521E-4)
(164,1.0470069929669521E-4)
(4792,1.0470069929669521E-4)
(5220,1.0470069929669521E-4)
(6548,1.0470069929669521E-4)
(1368,1.0470069929669521E-4)
(9924,1.0470069929669521E-4)
(4908,7.702118669812164E-5)
(7160,1.0470069929669521E-4)
(8584,1.0470069929669521E-4)
(4744,1.0470069929669521E-4)
(6348,1.0470069929669521E-4)
(9236,1.0470069929669521E-4)
(9436,1.0470069929669521E-4)
(7112,1.0470069929669521E-4)
(8128,1.0470069929669521E-4)
(4148,1.0470069929669521E-4)
(7068,1.0470069929669521E-4)
(9476,1.0470069929669521E-4)
(3604,5.061974152456418E-5)
(9988,1.0470069929669521E-4)
(4080,1.0470069929669521E-4)
(6352,1.0470069929669521E-4)
(2660,1.0470069929669521E-4)
(6716,1.0470069929669521E-4)
(3016,1.0470069929669521E-4)
(4420,1.0470069929669521E-4)
(6664,1.0470069929669521E-4)
(5532,1.0470069929669521E-4)
(2636,1.0470069929669521E-4)
(1896,1.0470069929669521E-4)
(2952,1.0470069929669521E-4)
(8604,5.061974152456418E-5)
(3048,1.0470069929669521E-4)
(1564,1.0470069929669521E-4)
(4460,1.0470069929669521E-4)
(7616,1.0470069929669521E-4)
(8640,1.0470069929669521E-4)
(2736,1.0470069929669521E-4)
(1700,1.0470069929669521E-4)
(4840,1.0470069929669521E-4)
(2016,1.0470069929669521E-4)
(2772,1.0470069929669521E-4)
(9268,1.0470069929669521E-4)
(9600,1.0470069929669521E-4)
(1704,5.061974152456418E-5)
(256,1.0470069929669521E-4)
(7104,5.061974152456418E-5)
(5400,1.0470069929669521E-4)
(9788,1.0470069929669521E-4)
(8448,1.0470069929669521E-4)
(9240,1.0470069929669521E-4)
(5700,1.0470069929669521E-4)
(7292,1.0470069929669521E-4)
(3268,1.0470069929669521E-4)
(7188,1.0470069929669521E-4)
(6600,1.0470069929669521E-4)
(8668,1.0470069929669521E-4)
(7484,1.0470069929669521E-4)
(7304,5.061974152456418E-5)
(9316,1.0470069929669521E-4)
(7680,1.0470069929669521E-4)
(9980,1.0470069929669521E-4)
(8688,1.0470069929669521E-4)
(8164,1.0470069929669521E-4)
(9948,1.0470069929669521E-4)
(9300,1.0470069929669521E-4)
(4292,1.0470069929669521E-4)
(8120,1.0470069929669521E-4)
(8288,1.0470069929669521E-4)
(5828,1.0470069929669521E-4)
(6072,1.0470069929669521E-4)
(6672,1.0470069929669521E-4)
(8596,1.0470069929669521E-4)
(7276,1.0470069929669521E-4)
(2028,1.0470069929669521E-4)
(172,1.0470069929669521E-4)
(916,1.0470069929669521E-4)
(5452,1.0470069929669521E-4)
(5612,1.0470069929669521E-4)
(2472,1.0470069929669521E-4)
(3212,1.0470069929669521E-4)
(2184,1.0470069929669521E-4)
(4516,1.0470069929669521E-4)
(1864,1.0470069929669521E-4)
(284,1.0470069929669521E-4)
(1956,1.0470069929669521E-4)
(9580,1.0470069929669521E-4)
(4040,1.0470069929669521E-4)
(1672,1.0470069929669521E-4)
(6120,1.0470069929669521E-4)
(3828,1.0470069929669521E-4)
(7896,1.0470069929669521E-4)
(8672,1.0470069929669521E-4)
(8552,1.0470069929669521E-4)
(516,1.0470069929669521E-4)
(8252,1.0470069929669521E-4)
(840,1.0470069929669521E-4)
(3036,1.0470069929669521E-4)
(6652,1.0470069929669521E-4)
(6200,1.0470069929669521E-4)
(6512,1.0470069929669521E-4)
(3652,1.0470069929669521E-4)
(3368,1.0470069929669521E-4)
(4372,1.0470069929669521E-4)
(16,1.0470069929669521E-4)
(3308,7.702118669812164E-5)
(2176,1.0470069929669521E-4)
(8780,1.0470069929669521E-4)
(8188,1.0470069929669521E-4)
(8980,1.0470069929669521E-4)
(7540,1.0470069929669521E-4)
(8960,1.0470069929669521E-4)
(7272,1.0470069929669521E-4)
(4244,1.0470069929669521E-4)
(8424,1.0470069929669521E-4)
(6628,1.0470069929669521E-4)
(8528,1.0470069929669521E-4)
(9296,1.0470069929669521E-4)
(8884,1.0470069929669521E-4)
(4468,1.0470069929669521E-4)
(2124,1.0470069929669521E-4)
(380,1.0470069929669521E-4)
(132,1.0470069929669521E-4)
(1052,1.0470069929669521E-4)
(8944,1.0470069929669521E-4)
(5268,1.0470069929669521E-4)
(9684,1.0470069929669521E-4)
(1152,1.0470069929669521E-4)
(2884,1.0470069929669521E-4)
(4600,1.0470069929669521E-4)
(500,1.0470069929669521E-4)
(660,1.0470069929669521E-4)
(7096,1.0470069929669521E-4)
(7372,1.0470069929669521E-4)
(4728,1.0470069929669521E-4)
(6888,1.0470069929669521E-4)
(7164,1.0470069929669521E-4)
(2152,1.0470069929669521E-4)
(6164,1.0470069929669521E-4)
(2404,5.061974152456418E-5)
(6852,1.0470069929669521E-4)
(3004,5.061974152456418E-5)
(4428,1.0470069929669521E-4)
(2456,1.0470069929669521E-4)
(7472,1.0470069929669521E-4)
(9732,1.0470069929669521E-4)
(9508,7.702118669812164E-5)
(6320,1.0470069929669521E-4)
(9044,1.0470069929669521E-4)
(2900,1.0470069929669521E-4)
(4264,1.0470069929669521E-4)
(4548,1.0470069929669521E-4)
(3252,1.0470069929669521E-4)
(5072,1.0470069929669521E-4)
(260,1.0470069929669521E-4)
(5376,1.0470069929669521E-4)
(9104,5.061974152456418E-5)
(4360,1.0470069929669521E-4)
(6708,7.702118669812164E-5)
(844,1.0470069929669521E-4)
(8532,1.0470069929669521E-4)
(7500,1.0470069929669521E-4)
(5052,1.0470069929669521E-4)
(6276,1.0470069929669521E-4)
(9612,1.0470069929669521E-4)
(7544,1.0470069929669521E-4)
(9824,1.0470069929669521E-4)
(900,1.0470069929669521E-4)
(4052,1.0470069929669521E-4)
(9532,1.0470069929669521E-4)
(5944,1.0470069929669521E-4)
(6188,1.0470069929669521E-4)
(3352,1.0470069929669521E-4)
(9112,1.0470069929669521E-4)
(4696,1.0470069929669521E-4)
(2252,1.0470069929669521E-4)
(6448,1.0470069929669521E-4)
(6924,1.0470069929669521E-4)
(6488,1.0470069929669521E-4)
(1560,1.0470069929669521E-4)
(2692,1.0470069929669521E-4)
(3784,1.0470069929669521E-4)
(356,1.0470069929669521E-4)
(7512,1.0470069929669521E-4)
(8056,1.0470069929669521E-4)
(5436,1.0470069929669521E-4)
(3588,1.0470069929669521E-4)
(4056,1.0470069929669521E-4)
(6312,1.0470069929669521E-4)
(6248,1.0470069929669521E-4)
(5912,1.0470069929669521E-4)
(340,1.0470069929669521E-4)
(5556,1.0470069929669521E-4)
(2076,1.0470069929669521E-4)
(2828,1.0470069929669521E-4)
(8368,1.0470069929669521E-4)
(4576,1.0470069929669521E-4)
(904,5.061974152456418E-5)
(5584,1.0470069929669521E-4)
(4916,1.0470069929669521E-4)
(3528,1.0470069929669521E-4)
(1008,7.702118669812164E-5)
(4700,1.0470069929669521E-4)
(6384,1.0470069929669521E-4)
(732,1.0470069929669521E-4)
(8212,1.0470069929669521E-4)
(1652,1.0470069929669521E-4)
(7720,1.0470069929669521E-4)
(7788,1.0470069929669521E-4)
(624,1.0470069929669521E-4)
(3216,1.0470069929669521E-4)
(1364,1.0470069929669521E-4)
(6460,1.0470069929669521E-4)
(9388,1.0470069929669521E-4)
(4648,1.0470069929669521E-4)
(728,1.0470069929669521E-4)
(9976,1.0470069929669521E-4)
(2468,1.0470069929669521E-4)
(4000,1.0470069929669521E-4)
(4924,1.0470069929669521E-4)
(644,1.0470069929669521E-4)
(8648,1.0470069929669521E-4)
(5356,1.0470069929669521E-4)
(6700,1.0470069929669521E-4)
(112,1.0470069929669521E-4)
(1284,1.0470069929669521E-4)
(3988,1.0470069929669521E-4)
(1612,1.0470069929669521E-4)
(3396,1.0470069929669521E-4)
(1028,1.0470069929669521E-4)
(184,1.0470069929669521E-4)
(1412,1.0470069929669521E-4)
(632,1.0470069929669521E-4)
(1476,1.0470069929669521E-4)
(1872,1.0470069929669521E-4)
(1668,1.0470069929669521E-4)
(2512,1.0470069929669521E-4)
(3640,1.0470069929669521E-4)
(2676,1.0470069929669521E-4)
(4488,1.0470069929669521E-4)
(544,1.0470069929669521E-4)
(5968,1.0470069929669521E-4)
(5744,1.0470069929669521E-4)
(5672,1.0470069929669521E-4)
(2084,1.0470069929669521E-4)
(6036,1.0470069929669521E-4)
(7448,1.0470069929669521E-4)
(4412,1.0470069929669521E-4)
(6528,1.0470069929669521E-4)
(5224,1.0470069929669521E-4)
(7828,1.0470069929669521E-4)
(1348,1.0470069929669521E-4)
(2572,1.0470069929669521E-4)
(6984,1.0470069929669521E-4)
(832,1.0470069929669521E-4)
(4004,5.061974152456418E-5)
(7076,1.0470069929669521E-4)
(9156,1.0470069929669521E-4)
(5520,1.0470069929669521E-4)
(7400,1.0470069929669521E-4)
(1272,1.0470069929669521E-4)
(3428,1.0470069929669521E-4)
(9012,1.0470069929669521E-4)
(2656,1.0470069929669521E-4)
(168,1.0470069929669521E-4)
(4984,1.0470069929669521E-4)
(5036,1.0470069929669521E-4)
(8144,1.0470069929669521E-4)
(1016,1.0470069929669521E-4)
(2796,1.0470069929669521E-4)
(5808,7.702118669812164E-5)
(1520,1.0470069929669521E-4)
(5880,1.0470069929669521E-4)
(7140,1.0470069929669521E-4)
(5172,1.0470069929669521E-4)
(6260,1.0470069929669521E-4)
(7516,1.0470069929669521E-4)
(6420,1.0470069929669521E-4)
(8976,1.0470069929669521E-4)
(2784,1.0470069929669521E-4)
(8664,1.0470069929669521E-4)
(9280,1.0470069929669521E-4)
(5196,1.0470069929669521E-4)
(8568,1.0470069929669521E-4)
(9636,1.0470069929669521E-4)
(6816,1.0470069929669521E-4)
(7964,1.0470069929669521E-4)
(3424,1.0470069929669521E-4)
(3144,1.0470069929669521E-4)
(4988,1.0470069929669521E-4)
(4216,1.0470069929669521E-4)
(336,1.0470069929669521E-4)
(3876,1.0470069929669521E-4)
(3204,5.061974152456418E-5)
(3952,1.0470069929669521E-4)
(6380,1.0470069929669521E-4)
(472,1.0470069929669521E-4)
(4484,1.0470069929669521E-4)
(5320,1.0470069929669521E-4)
(5328,1.0470069929669521E-4)
(7712,1.0470069929669521E-4)
(9400,1.0470069929669521E-4)
(3736,1.0470069929669521E-4)
(9844,1.0470069929669521E-4)
(2568,1.0470069929669521E-4)
(4032,1.0470069929669521E-4)
(1372,1.0470069929669521E-4)
(5388,1.0470069929669521E-4)
(8332,1.0470069929669521E-4)
(8364,1.0470069929669521E-4)
(8840,1.0470069929669521E-4)
(2240,1.0470069929669521E-4)
(7312,1.0470069929669521E-4)
(3376,1.0470069929669521E-4)
(1572,1.0470069929669521E-4)
(2592,1.0470069929669521E-4)
(4572,1.0470069929669521E-4)
(4204,5.061974152456418E-5)
(4912,1.0470069929669521E-4)
(5040,1.0470069929669521E-4)
(2832,1.0470069929669521E-4)
(8384,1.0470069929669521E-4)
(4556,1.0470069929669521E-4)
(32,1.0470069929669521E-4)
(8104,5.061974152456418E-5)
(5592,1.0470069929669521E-4)
(7708,7.702118669812164E-5)
(2864,1.0470069929669521E-4)
(3864,1.0470069929669521E-4)
(1244,1.0470069929669521E-4)
(4892,1.0470069929669521E-4)
(8612,1.0470069929669521E-4)
(9872,1.0470069929669521E-4)
(3384,1.0470069929669521E-4)
(2944,1.0470069929669521E-4)
(7676,1.0470069929669521E-4)
(8800,1.0470069929669521E-4)
(7216,1.0470069929669521E-4)
(3288,1.0470069929669521E-4)
(4268,1.0470069929669521E-4)
(7580,1.0470069929669521E-4)
(6084,1.0470069929669521E-4)
(7724,1.0470069929669521E-4)
(6108,7.702118669812164E-5)
(4316,1.0470069929669521E-4)
(1820,1.0470069929669521E-4)
(4200,1.0470069929669521E-4)
(1164,1.0470069929669521E-4)
(7692,1.0470069929669521E-4)
(6740,1.0470069929669521E-4)
(3868,1.0470069929669521E-4)
(7748,1.0470069929669521E-4)
(4044,1.0470069929669521E-4)
(5792,1.0470069929669521E-4)
(9884,1.0470069929669521E-4)
(412,1.0470069929669521E-4)
(7420,1.0470069929669521E-4)
(8028,1.0470069929669521E-4)
(1432,1.0470069929669521E-4)
(9840,1.0470069929669521E-4)
(8856,1.0470069929669521E-4)
(8136,1.0470069929669521E-4)
(2776,1.0470069929669521E-4)
(6776,1.0470069929669521E-4)
(6280,1.0470069929669521E-4)
(2292,1.0470069929669521E-4)
(9180,1.0470069929669521E-4)
(9996,1.0470069929669521E-4)
(104,5.061974152456418E-5)
(4076,1.0470069929669521E-4)
(3684,1.0470069929669521E-4)
(5824,1.0470069929669521E-4)
(5440,1.0470069929669521E-4)
(5316,1.0470069929669521E-4)
(868,1.0470069929669521E-4)
(3776,1.0470069929669521E-4)
(7088,1.0470069929669521E-4)
(4716,1.0470069929669521E-4)
(2812,1.0470069929669521E-4)
(9900,1.0470069929669521E-4)
(4620,1.0470069929669521E-4)
(8756,1.0470069929669521E-4)
(1568,1.0470069929669521E-4)
(2624,1.0470069929669521E-4)
(1588,1.0470069929669521E-4)
(5896,1.0470069929669521E-4)
(8016,1.0470069929669521E-4)
(2816,1.0470069929669521E-4)
(3160,1.0470069929669521E-4)
(668,1.0470069929669521E-4)
(3448,1.0470069929669521E-4)
(1376,1.0470069929669521E-4)
(568,1.0470069929669521E-4)
(2268,1.0470069929669521E-4)
(2440,1.0470069929669521E-4)
(7816,1.0470069929669521E-4)
(8080,1.0470069929669521E-4)
(4596,1.0470069929669521E-4)
(2232,1.0470069929669521E-4)
(2208,7.702118669812164E-5)
(4640,1.0470069929669521E-4)
(908,7.702118669812164E-5)
(9204,5.061974152456418E-5)
(3628,1.0470069929669521E-4)
(4624,1.0470069929669521E-4)
(9344,1.0470069929669521E-4)
(9920,1.0470069929669521E-4)
(1712,1.0470069929669521E-4)
(2104,5.061974152456418E-5)
(3316,1.0470069929669521E-4)
(264,1.0470069929669521E-4)
(5276,1.0470069929669521E-4)
(8404,5.061974152456418E-5)
(8020,1.0470069929669521E-4)
(7244,1.0470069929669521E-4)
(3112,1.0470069929669521E-4)
(5668,1.0470069929669521E-4)
(2096,1.0470069929669521E-4)
(1000,1.0470069929669521E-4)
(1204,5.061974152456418E-5)
(6444,1.0470069929669521E-4)
(4804,5.061974152456418E-5)
(9592,1.0470069929669521E-4)
(2400,1.0470069929669521E-4)
(4652,1.0470069929669521E-4)
(2044,1.0470069929669521E-4)
(5024,1.0470069929669521E-4)
(2072,1.0470069929669521E-4)
(6316,1.0470069929669521E-4)
(5696,1.0470069929669521E-4)
(9424,1.0470069929669521E-4)
(8744,1.0470069929669521E-4)
(2652,1.0470069929669521E-4)
(7436,1.0470069929669521E-4)
(8768,1.0470069929669521E-4)
(7644,1.0470069929669521E-4)
(3920,1.0470069929669521E-4)
(8344,1.0470069929669521E-4)
(792,1.0470069929669521E-4)
(2432,1.0470069929669521E-4)
(6784,1.0470069929669521E-4)
(3660,1.0470069929669521E-4)
(1628,1.0470069929669521E-4)
(8216,1.0470069929669521E-4)
(8892,1.0470069929669521E-4)
(3464,1.0470069929669521E-4)
(416,1.0470069929669521E-4)
(3100,1.0470069929669521E-4)
(9784,1.0470069929669521E-4)
(4308,7.702118669812164E-5)
(6056,1.0470069929669521E-4)
(1160,1.0470069929669521E-4)
(5684,1.0470069929669521E-4)
(680,1.0470069929669521E-4)
(3508,7.702118669812164E-5)
(6428,1.0470069929669521E-4)
(4676,1.0470069929669521E-4)
(3084,1.0470069929669521E-4)
(8472,1.0470069929669521E-4)
(7920,1.0470069929669521E-4)
(788,1.0470069929669521E-4)
(2216,1.0470069929669521E-4)
(7440,1.0470069929669521E-4)
(9800,1.0470069929669521E-4)
(9676,1.0470069929669521E-4)
(564,1.0470069929669521E-4)
(7800,1.0470069929669521E-4)
(1444,1.0470069929669521E-4)
(5104,5.061974152456418E-5)
(9756,1.0470069929669521E-4)
(724,1.0470069929669521E-4)
(7212,1.0470069929669521E-4)
(4472,1.0470069929669521E-4)
(276,1.0470069929669521E-4)
(2576,1.0470069929669521E-4)
(2048,1.0470069929669521E-4)
(1536,1.0470069929669521E-4)
(7852,1.0470069929669521E-4)
(4024,1.0470069929669521E-4)
(7776,1.0470069929669521E-4)
(4084,1.0470069929669521E-4)
(5820,1.0470069929669521E-4)
(7952,1.0470069929669521E-4)
(1460,1.0470069929669521E-4)
(2264,1.0470069929669521E-4)
(2504,5.061974152456418E-5)
(7976,1.0470069929669521E-4)
(8316,1.0470069929669521E-4)
(3564,1.0470069929669521E-4)
(880,1.0470069929669521E-4)
(8732,1.0470069929669521E-4)
(4492,1.0470069929669521E-4)
(604,5.061974152456418E-5)
(1964,1.0470069929669521E-4)
(3676,1.0470069929669521E-4)
(5340,1.0470069929669521E-4)
(6732,1.0470069929669521E-4)
(9708,7.702118669812164E-5)
(5848,1.0470069929669521E-4)
(6768,1.0470069929669521E-4)
(9876,1.0470069929669521E-4)
(384,1.0470069929669521E-4)
(5724,1.0470069929669521E-4)
(7736,1.0470069929669521E-4)
